           1           1  2.19059e+15
           1           3  2.40401e+14
           1           4  2.13166e+14
           1           9  9.15005e+13
           1          10  8.99097e+13
           1          13  3.97645e+13
           1          15  3.15686e+13
           1          19  2.84511e+13
           1          20  2.68082e+13
           1          21  2.71761e+13
           1          22  2.66395e+13
           1          28  2.13806e+13
           1          32  1.68319e+13
           1          34  1.59363e+13
           1          40  1.51268e+13
           1          47  1.19115e+13
           2           1  1.37505e+15
           2           3  2.20792e+14
           2          13  1.39264e+13
           2          16  1.33410e+13
           2          17  1.25081e+13
           3           1  1.01392e+15
           3           2  5.56053e+14
           3           3  4.69276e+14
           3           7  8.76188e+13
           3           9  7.78290e+13
           3          10  7.57954e+13
           3          11  6.93800e+13
           3          14  4.96559e+13
           3          15  4.54337e+13
           3          16  4.38548e+13
           3          18  3.68872e+13
           3          20  2.77590e+13
           3          21  2.01566e+13
           3          31  1.78487e+13
           3          32  1.71678e+13
           3          35  1.45667e+13
           3          40  1.27658e+13
           3          44  1.11971e+13
           3          46  1.00943e+13
           3          50  1.01988e+13
           3          51  1.00106e+13
           4           1  1.42503e+15
           4           2  3.36845e+14
           4           3  3.34865e+14
           4           4  2.61072e+14
           4           7  9.41394e+13
           4          11  5.18785e+13
           4          12  3.73747e+13
           4          19  2.34283e+13
           4          23  2.28901e+13
           4          24  2.21369e+13
           4          26  2.07905e+13
           4          31  1.60965e+13
           4          35  1.50331e+13
           4          37  1.31397e+13
           4          40  1.18131e+13
           4          41  1.14193e+13
           4          42  1.22169e+13
           4          44  1.05841e+13
           5           1  2.39485e+15
           5           4  1.18275e+14
           5           7  3.60363e+13
           5           8  3.40932e+13
           5          14  2.11789e+13
           5          17  1.69609e+13
           5          18  1.49923e+13
           5          20  1.20593e+13
           5          21  1.23578e+13
           6           1  1.46400e+15
           6           3  2.74743e+14
           6           6  3.72893e+13
           6           7  3.31793e+13
           6           8  2.86768e+13
           6           9  2.56196e+13
           6          11  1.89090e+13
           6          12  1.65313e+13
           6          15  1.37808e+13
           6          17  1.31150e+13
           6          19  1.14841e+13
           7           1  1.80499e+15
           7           4  1.46094e+14
           7           5  8.89190e+13
           7           9  3.28021e+13
           7          15  1.55543e+13
           7          16  1.38791e+13
           7          20  1.03917e+13
           7          22  1.03424e+13
           8           1  1.11915e+15
           8           4  1.80418e+14
           8           7  4.21706e+13
           8          11  2.72810e+13
           8          13  2.16973e+13
           8          15  2.07458e+13
           8          16  2.07441e+13
           8          19  1.29887e+13
           8          21  1.18527e+13
           9           1  1.84765e+15
           9           2  5.52105e+14
           9           6  4.31097e+13
           9           8  3.27821e+13
           9          13  2.36430e+13
           9          17  1.95686e+13
           9          20  1.48229e+13
           9          21  1.42272e+13
           9          22  1.32032e+13
           9          23  1.22748e+13
          10           1  1.60733e+15
          10           2  4.04341e+14
          10           7  4.65695e+13
          10           8  4.38880e+13
          10           9  3.60595e+13
          10          10  3.57226e+13
          10          13  3.15363e+13
          10          14  2.83578e+13
          10          15  2.79996e+13
          10          17  2.64165e+13
          10          23  1.55901e+13
          10          25  1.48778e+13
          10          34  1.01380e+13
          11           1  1.97547e+15
          11           3  2.38744e+14
          11           4  1.80149e+14
          11           6  6.47961e+13
          11           7  5.35241e+13
          11           8  4.56226e+13
          11          17  1.73518e+13
          11          22  1.49151e+13
          11          23  1.43363e+13
          11          25  1.30552e+13
          11          26  1.25337e+13
          11          27  1.25571e+13
          11          28  1.21725e+13
          11          31  1.02378e+13
          11          32  1.01630e+13
          12           1  1.11775e+15
          12           2  4.05159e+14
          12           5  4.38398e+13
          12           6  4.04037e+13
          12           7  3.51461e+13
          12           9  2.81298e+13
          12          10  2.92899e+13
          12          14  2.10567e+13
          12          17  1.98565e+13
          12          18  1.86977e+13
          12          19  1.71901e+13
          12          29  1.01304e+13
          13           1  7.74484e+14
          13           2  6.59760e+14
          13           6  5.21755e+13
          13          10  2.53842e+13
          13          14  1.80848e+13
          13          15  1.54332e+13
          13          16  1.55280e+13
          13          22  1.27056e+13
          13          23  1.19573e+13
          13          26  1.05549e+13
          14           1  1.23710e+15
          14           2  4.15368e+14
          14           3  2.41707e+14
          14           5  1.26281e+14
          14           7  6.60038e+13
          14          12  3.86971e+13
          14          18  1.78839e+13
          14          22  1.59563e+13
          14          24  1.39377e+13
          14          29  1.17274e+13
          15           1  5.50462e+14
          15           2  4.64233e+14
          15           3  2.33473e+14
          15           4  1.37573e+14
          15           5  7.26043e+13
          15           7  5.20163e+13
          15          12  1.79241e+13
          15          15  1.23279e+13
          15          16  1.20746e+13
          16           1  1.36859e+15
          16           2  3.14755e+14
          16           4  1.55080e+14
          16           5  1.36800e+14
          16           8  5.64313e+13
          16           9  4.52716e+13
          16          11  3.11063e+13
          16          12  2.98374e+13
          16          17  2.20261e+13
          16          18  2.13895e+13
          16          20  2.12140e+13
          16          24  1.53859e+13
          16          29  1.42134e+13
          16          32  1.32041e+13
          16          34  1.16712e+13
          16          38  1.08056e+13
          16          39  1.00711e+13
          17           1  5.03245e+14
          17           2  4.66193e+14
          17           3  1.89892e+14
          17           5  8.92355e+13
          17           6  6.98817e+13
          17           7  6.77451e+13
          17           8  5.59690e+13
          17          11  3.60048e+13
          17          15  2.37307e+13
          17          17  1.94076e+13
          17          23  1.13478e+13
          17          24  1.07585e+13
          17          25  1.00837e+13
          18           1  7.25979e+14
          18           2  5.38166e+14
          18           3  2.72396e+14
          18           5  1.30514e+14
          18           9  6.01629e+13
          18          15  3.28127e+13
          18          17  2.56739e+13
          18          19  2.26542e+13
          18          26  1.32632e+13
          18          28  1.19604e+13
          19           1  1.34140e+15
          19           2  1.16043e+14
          19           6  4.85448e+13
          19           7  4.33619e+13
          19           8  4.01358e+13
          19          12  2.09033e+13
          19          13  2.04130e+13
          19          14  1.96924e+13
          19          17  1.81877e+13
          19          18  1.69671e+13
          19          23  1.43776e+13
          19          24  1.26285e+13
          19          25  1.19203e+13
          19          26  1.08155e+13
          20           1  1.32329e+15
          20           2  2.81448e+14
          20           5  5.68010e+13
          20           8  3.62937e+13
          20           9  3.18386e+13
          20          11  2.70835e+13
          20          14  1.99241e+13
          20          17  1.82038e+13
          20          21  1.45568e+13
          20          22  1.43044e+13
          20          26  1.24836e+13
          20          29  1.18328e+13
          21           1  1.74655e+15
          21           3  1.90191e+14
          21           4  1.39500e+14
          21           8  4.47513e+13
          21          13  2.34247e+13
          21          20  1.74391e+13
          22           1  1.26634e+15
          22           4  6.32200e+13
          22           5  4.84992e+13
          22           7  3.85997e+13
          22           8  2.49705e+13
          22          10  2.21327e+13
          22          12  1.99614e+13
          22          13  1.77397e+13
          22          15  1.67371e+13
          22          19  1.13361e+13
          23           1  1.92179e+15
          23           3  1.88637e+14
          23           4  1.86415e+14
          23          18  2.35290e+13
          23          19  2.40004e+13
          23          23  1.66869e+13
          24           1  1.55590e+15
          24           2  3.39572e+14
          24           4  6.14701e+13
          24           6  4.02097e+13
          24           7  2.57957e+13
          24           9  1.83494e+13
          24          12  1.54265e+13
          25           1  1.47223e+15
          25           3  1.32216e+14
          25           6  6.36219e+13
          25           7  4.85375e+13
          25          12  2.41723e+13
          25          15  2.42231e+13
          25          17  2.06946e+13
          25          18  1.81988e+13
          25          19  1.70179e+13
          25          20  1.60617e+13
          25          22  1.44045e+13
          25          28  1.19298e+13
          26           1  1.52772e+15
          26           2  1.14248e+14
          26           4  3.98832e+13
          26          10  1.59672e+13
          26          13  1.36044e+13
          27           1  1.63518e+15
          27           2  8.77565e+13
          27           8  3.95116e+13
          27          10  3.12902e+13
          27          11  3.08368e+13
          27          12  2.60114e+13
          27          17  1.90223e+13
          27          18  1.93996e+13
          27          20  1.66953e+13
          27          23  1.33741e+13
          27          26  1.34015e+13
          27          28  1.21633e+13
          27          33  1.00514e+13
          27          35  1.03373e+13
          28           1  1.49223e+15
          28           2  9.34235e+13
          28           3  5.73082e+13
          28           8  3.68594e+13
          28           9  2.89982e+13
          28          10  2.63071e+13
          28          11  1.61689e+13
          28          17  1.27979e+13
          28          18  1.29288e+13
          28          20  1.01016e+13
          29           1  1.81049e+15
          29           3  6.07093e+13
          29           7  3.23888e+13
          29          10  2.73258e+13
          29          11  2.59643e+13
          29          12  2.58335e+13
          29          17  1.55357e+13
          29          18  1.54699e+13
          29          24  1.22266e+13
          29          26  1.14346e+13
          30           1  8.91451e+14
          30           2  2.49992e+14
          30           6  4.63973e+13
          30           7  3.29798e+13
          30          14  1.57900e+13
          30          15  1.55044e+13
          30          18  1.10357e+13
          31           1  1.53919e+15
          31           2  2.43329e+14
          31           4  7.67719e+13
          31           6  3.53202e+13
          31           9  2.24770e+13
          31          13  1.62263e+13
          31          18  1.09129e+13
          32           1  1.36009e+15
          32           4  7.85370e+13
          32          14  1.95459e+13
          32          17  1.55203e+13
          32          18  1.57063e+13
          32          19  1.50618e+13
          32          20  1.38721e+13
          33           1  6.75607e+14
          33           2  3.00696e+14
          33           3  1.75205e+14
          33           5  7.49430e+13
          33          13  1.68264e+13
          34           1  1.61831e+15
          34           3  3.82571e+13
          34           8  2.84717e+13
          34           9  2.39865e+13
          34          19  1.18638e+13
          35           1  1.02867e+15
          35           3  1.61078e+14
          35           8  1.83755e+13
          35          10  1.77986e+13
          35          12  1.51709e+13
          35          17  1.13808e+13
          36           1  1.39743e+15
          36           3  6.50581e+13
          36           5  4.78171e+13
          36           6  3.38031e+13
          36           7  2.34777e+13
          36          10  1.76787e+13
          36          11  1.70299e+13
          36          12  1.60223e+13
          36          14  1.20377e+13
          36          16  1.16379e+13
          37           1  7.02395e+14
          37           2  2.76398e+14
          37           4  6.79636e+13
          37          11  2.13133e+13
          37          12  2.04393e+13
          37          13  1.84370e+13
          37          16  1.65931e+13
          37          17  1.61803e+13
          37          18  1.61426e+13
          37          19  1.43670e+13
          37          25  1.03764e+13
          38           1  1.38528e+15
          38           2  1.99585e+14
          38           8  1.93726e+13
          38          12  1.12177e+13
          38          14  1.17102e+13
          39           1  1.88237e+15
          39           2  1.50642e+14
          39           8  4.70910e+13
          39           9  4.10629e+13
          39          20  1.14149e+13
          40           1  9.32726e+14
          40           2  1.82559e+14
          40           3  1.34755e+14
          40           4  1.30473e+14
          40           5  7.54098e+13
          40           6  7.22009e+13
          40          11  3.07929e+13
          40          17  1.15979e+13
          40          18  1.13788e+13
          40          19  1.12425e+13
          41           1  1.67264e+15
          41           2  6.34919e+14
          41           6  4.83168e+13
          41           8  3.36807e+13
          41          12  3.14542e+13
          41          13  2.93584e+13
          41          15  2.21955e+13
          41          17  1.69645e+13
          41          18  1.60690e+13
          41          19  1.44477e+13
          41          21  1.51307e+13
          41          25  1.17216e+13
          41          30  1.03014e+13
          42           1  1.55802e+15
          42           2  3.69387e+14
          42           4  2.38653e+14
          42           5  1.31158e+14
          42           9  4.74972e+13
          42          16  2.17497e+13
          42          17  2.11633e+13
          42          18  1.91063e+13
          42          20  1.69980e+13
          42          33  1.05837e+13
          43           1  1.43718e+15
          43           4  2.78373e+13
          43           5  2.02018e+13
          43           9  1.63224e+13
          43          10  1.62704e+13
          43          15  1.32692e+13
          43          17  1.15861e+13
          43          19  1.07267e+13
          44           1  1.75935e+15
          44           6  3.45742e+13
          44           7  2.87395e+13
          44           8  2.68247e+13
          44          10  2.29456e+13
          44          14  1.68285e+13
          44          15  1.64063e+13
          44          19  1.38431e+13
          44          21  1.33728e+13
          44          22  1.22362e+13
          44          26  1.03149e+13
          45           1  7.06150e+14
          45           2  3.54892e+14
          45           3  2.82548e+14
          45           4  1.50923e+14
          45           5  1.18825e+14
          45           8  6.02725e+13
          45           9  5.30568e+13
          45          10  3.96717e+13
          45          11  3.47361e+13
          45          13  3.26881e+13
          45          15  2.44111e+13
          45          16  2.37151e+13
          45          21  1.96671e+13
          45          22  1.88269e+13
          45          23  1.72736e+13
          45          24  1.60145e+13
          45          30  1.35984e+13
          45          34  1.17909e+13
          45          37  1.04465e+13
          46           1  8.23004e+14
          46           2  4.59519e+14
          46           4  2.80037e+13
          46           7  2.60106e+13
          46          11  1.23768e+13
          47           1  1.53602e+15
          47           2  1.03868e+14
          47           8  2.70308e+13
          47           9  2.79129e+13
          47          14  1.18416e+13
          48           1  1.04192e+15
          48           2  1.79821e+14
          48           3  1.17489e+14
          48           4  5.72413e+13
          48           5  5.16943e+13
          48          12  1.82870e+13
          48          16  1.30153e+13
          48          17  1.30001e+13
          48          19  1.02598e+13
          49           1  7.72741e+14
          49           3  8.43790e+13
          49           7  2.36098e+13
          49           8  2.22025e+13
          49           9  2.20636e+13
          49          12  1.53166e+13
          49          13  1.48737e+13
          49          14  1.43691e+13
          49          16  1.10065e+13
          49          17  1.11202e+13
          49          18  1.07820e+13
          50           2  1.10175e+15
          50           3  1.70683e+14
          50           4  1.22276e+14
          50          11  4.50631e+13
          50          12  3.62691e+13
          50          13  3.20750e+13
          50          14  3.01071e+13
          50          16  2.14820e+13
          50          18  2.13369e+13
          50          20  2.07381e+13
          50          28  1.61643e+13
          50          29  1.59933e+13
          50          34  1.24739e+13
          50          35  1.26997e+13
          50          43  1.07954e+13
          51           1  1.04485e+15
          51           2  4.55162e+14
          51           4  1.30079e+14
          51          13  1.46926e+13
          51          18  1.05892e+13
          52           1  1.19672e+15
          52           3  5.65694e+13
          52           4  5.39845e+13
          52          12  1.32832e+13
          52          14  1.14496e+13
          52          15  1.09057e+13
          52          17  1.07571e+13
          53           1  1.52213e+15
          53           4  1.33096e+14
          53          10  1.59317e+13
          53          15  1.19567e+13
          54           1  1.51731e+15
          54           3  1.28587e+14
          54           7  3.38782e+13
          54          14  1.54231e+13
          54          19  1.30513e+13
          54          21  1.28076e+13
          54          22  1.28199e+13
          55           1  8.08127e+14
          55           2  3.04714e+14
          55           3  8.33742e+13
          55           4  6.76341e+13
          55          10  1.48184e+13
          55          11  1.50541e+13
          55          12  1.44420e+13
          55          13  1.42381e+13
          55          14  1.49797e+13
          55          15  1.43208e+13
          55          16  1.29453e+13
          56           1  9.03093e+14
          56           2  3.45315e+14
          56           7  2.83154e+13
          57           1  8.04134e+14
          57           3  1.40896e+14
          57           7  3.10195e+13
          57          12  1.40423e+13
          57          13  1.17627e+13
          58           1  1.48334e+15
          58           3  5.61018e+13
          58           5  4.52999e+13
          58           6  3.61075e+13
          58           7  2.86949e+13
          58           9  2.72270e+13
          58          11  2.23405e+13
          58          12  2.20755e+13
          58          16  1.79316e+13
          58          17  1.59400e+13
          58          18  1.57244e+13
          59           1  1.00014e+15
          59           2  1.16973e+14
          59           3  1.06600e+14
          59           4  9.47924e+13
          59          15  2.10073e+13
          59          16  2.01841e+13
          59          18  1.88994e+13
          59          24  1.50392e+13
          59          26  1.28246e+13
          60           1  1.23930e+15
          60           4  5.67015e+13
          60           5  4.79578e+13
          60           6  3.45010e+13
          60           7  3.30959e+13
          60          10  2.59360e+13
          60          11  2.27401e+13
          60          23  1.04600e+13
          60          24  1.01328e+13
          61           1  1.62240e+15
          61           2  1.63593e+14
          61           8  4.95751e+13
          61           9  3.64263e+13
          61          10  3.38262e+13
          61          11  2.76170e+13
          61          12  2.03964e+13
          61          13  2.02013e+13
          61          17  1.38335e+13
          61          19  1.29512e+13
          62           1  5.80138e+14
          62           2  3.41484e+14
          62           3  1.14166e+14
          62           5  1.00696e+14
          62           6  7.99007e+13
          62           7  6.30747e+13
          62           8  4.66748e+13
          62           9  5.02337e+13
          62          12  4.06845e+13
          62          13  2.37894e+13
          62          15  2.23809e+13
          62          16  2.20520e+13
          62          17  2.01492e+13
          62          25  1.44135e+13
          62          28  1.40739e+13
          62          30  1.20073e+13
          63           1  9.03880e+14
          63           2  2.56778e+14
          63           6  5.30924e+13
          63          12  2.21500e+13
          63          15  1.52435e+13
          64           1  1.11892e+15
          64           2  9.92590e+13
          64           3  9.56147e+13
          64           5  3.53403e+13
          64           6  3.00900e+13
          64           9  2.15412e+13
          64          11  1.67935e+13
          64          13  1.62785e+13
          64          14  1.62542e+13
          64          18  1.31936e+13
          64          22  1.15559e+13
          64          25  1.02745e+13
          64          26  1.01583e+13
          65           1  9.05082e+14
          65           3  2.45412e+14
          65           6  5.34175e+13
          65          13  1.79468e+13
          65          15  1.37116e+13
          65          18  1.04462e+13
          66           1  1.39037e+15
          66           4  4.67404e+13
          66           5  4.48013e+13
          66           6  4.39707e+13
          66          13  1.55282e+13
          66          25  1.03170e+13
          67           1  1.15796e+15
          67           4  1.32689e+13
          67           6  1.19059e+13
          67           8  1.07123e+13
          68           1  1.04100e+15
          68           6  4.42061e+13
          68           7  3.38520e+13
          68          18  1.19339e+13
          68          21  1.09286e+13
          69           1  9.53278e+14
          69           2  9.28005e+13
          69           3  6.89448e+13
          69           4  4.33109e+13
          69           7  1.36748e+13
          69           9  1.31456e+13
          69          11  1.02840e+13
          70           1  1.10824e+15
          70           2  1.22742e+14
          70           5  5.79556e+13
          70           7  3.98488e+13
          70           9  2.59881e+13
          70          10  2.41407e+13
          70          12  2.06128e+13
          70          14  1.41615e+13
          70          17  1.38831e+13
          70          19  1.33466e+13
          70          21  1.22266e+13
          71           1  1.07321e+15
          71           5  3.09109e+13
          71           6  2.89697e+13
          71          10  2.11184e+13
          71          13  2.10286e+13
          71          15  1.92271e+13
          71          16  1.89140e+13
          71          20  1.11453e+13
          71          21  1.06102e+13
          72           1  3.89287e+14
          72           2  2.56702e+14
          72           3  1.69378e+14
          72           4  1.22826e+14
          72           5  6.84339e+13
          72           9  3.76357e+13
          72          11  2.74245e+13
          72          21  1.02960e+13
          73           1  1.34192e+15
          73           2  3.31315e+14
          73           7  7.50965e+13
          73           8  7.26810e+13
          73          10  2.64289e+13
          73          12  1.72712e+13
          73          14  1.70919e+13
          73          15  1.73100e+13
          73          19  1.34940e+13
          73          21  1.24195e+13
          73          22  1.20814e+13
          73          23  1.11058e+13
          73          24  1.12493e+13
          74           1  1.28498e+15
          74           2  2.26464e+14
          74           4  4.00420e+13
          74          10  1.87589e+13
          74          12  1.34256e+13
          74          19  1.02149e+13
          75           1  7.80069e+14
          75           3  1.13458e+14
          75           6  6.59446e+13
          75           8  4.60283e+13
          75           9  4.69564e+13
          75          13  3.35354e+13
          75          14  3.08905e+13
          75          18  1.92417e+13
          75          22  1.22848e+13
          75          24  1.14018e+13
          75          28  1.06496e+13
          76           1  1.23360e+15
          76           5  5.15434e+13
          76           8  3.45201e+13
          76           9  2.25815e+13
          76          13  1.06625e+13
          76          14  1.00015e+13
          77           1  6.62570e+14
          77           6  2.74886e+13
          77           7  2.75286e+13
          77           9  2.16983e+13
          77          15  1.35460e+13
          78           1  9.72294e+14
          78           3  1.84137e+14
          78           6  2.49734e+13
          78          10  1.90617e+13
          78          11  1.68576e+13
          78          13  1.58043e+13
          79           1  8.38046e+14
          79           2  3.46144e+14
          79           4  1.00532e+14
          79           5  3.53510e+13
          79           6  2.12588e+13
          79           8  2.03315e+13
          79           9  1.69873e+13
          79          15  1.16178e+13
          80           1  9.41917e+14
          80           6  5.52554e+13
          80           9  3.07007e+13
          80          12  2.00977e+13
          80          17  1.31804e+13
          80          18  1.34562e+13
          80          19  1.09624e+13
          81           1  1.48481e+15
          81           2  8.05918e+13
          81           6  2.05293e+13
          81          10  1.75467e+13
          81          13  1.28123e+13
          81          15  1.04408e+13
          82           1  1.12509e+15
          82           3  3.51685e+13
          82           5  3.15857e+13
          82           8  1.92785e+13
          82           9  1.81417e+13
          82          14  1.26819e+13
          82          17  1.13469e+13
          83           1  5.80813e+14
          83           2  3.20200e+14
          83           3  1.33610e+14
          83           5  7.18379e+13
          83           7  3.09895e+13
          83          10  2.40270e+13
          83          13  1.81888e+13
          84           1  8.93542e+14
          84           2  2.65191e+14
          84           3  1.57889e+14
          84           4  1.38521e+14
          84           5  1.40002e+14
          84           9  3.42021e+13
          84          13  1.70950e+13
          84          17  1.33901e+13
          84          20  1.25089e+13
          84          22  1.15246e+13
          85           1  1.32393e+15
          85           2  8.20544e+13
          85           3  6.50785e+13
          85           6  4.76915e+13
          85          10  2.51284e+13
          85          13  1.97668e+13
          85          14  1.92924e+13
          85          19  1.23758e+13
          85          20  1.17756e+13
          85          21  1.13384e+13
          86           1  6.67936e+14
          86           2  4.56634e+14
          86           5  6.38985e+13
          86           7  2.73435e+13
          86           8  2.24997e+13
          86           9  2.20783e+13
          86          10  2.04911e+13
          86          12  1.61859e+13
          86          13  1.58083e+13
          86          16  1.00953e+13
          86          17  1.01596e+13
          87           1  6.04190e+14
          87           3  7.71211e+13
          87           8  2.82997e+13
          87           9  2.28088e+13
          87          12  1.51855e+13
          87          16  1.15198e+13
          87          19  1.13207e+13
          87          20  1.08343e+13
          88           1  1.15678e+15
          88           2  4.19863e+13
          88           3  3.53020e+13
          88           6  2.65865e+13
          88           9  2.01146e+13
          88          14  1.71478e+13
          88          15  1.59362e+13
          88          17  1.39291e+13
          88          19  1.36445e+13
          88          22  1.08622e+13
          88          23  1.09717e+13
          89           1  9.71723e+14
          89           4  8.14350e+13
          89          12  1.72594e+13
          89          13  1.40854e+13
          89          17  1.16245e+13
          90           1  1.55153e+15
          90           2  1.03244e+15
          90          12  2.14019e+13
          90          13  2.08596e+13
          90          15  1.91824e+13
          90          16  1.69872e+13
          90          19  1.62613e+13
          90          21  1.37994e+13
          90          23  1.34441e+13
          90          26  1.10045e+13
          90          27  1.20142e+13
          90          30  1.02973e+13
          91           1  6.02025e+14
          91           2  4.12692e+14
          91          10  1.43830e+13
          91          14  1.27786e+13
          91          19  1.06176e+13
          92           1  1.18581e+15
          92           2  1.24113e+14
          92           3  5.93087e+13
          92           4  5.18476e+13
          92           7  3.39675e+13
          92          12  1.75684e+13
          92          14  1.23774e+13
          92          15  1.14942e+13
          93           1  1.32754e+15
          93           5  3.20800e+13
          93           6  2.59021e+13
          93           7  2.75290e+13
          93           8  2.51689e+13
          93          12  2.33288e+13
          93          15  1.84171e+13
          93          16  1.87789e+13
          93          18  1.76779e+13
          93          20  1.10367e+13
          94           1  6.81375e+14
          94           3  1.25894e+14
          94          10  2.19971e+13
          94          15  1.33550e+13
          95           1  8.67582e+14
          95           2  2.71511e+14
          95           3  1.25123e+14
          95           4  8.30729e+13
          95           7  2.48318e+13
          95           9  1.91688e+13
          95          11  1.81926e+13
          95          12  1.69044e+13
          95          14  1.51341e+13
          96           1  1.26700e+15
          96           5  2.41727e+13
          96           8  1.59040e+13
          96          10  1.40016e+13
          96          11  1.25750e+13
          97           1  1.18061e+15
          97           2  8.57275e+13
          97           7  2.62394e+13
          97           8  2.50956e+13
          97          13  1.65141e+13
          97          18  1.16931e+13
          97          20  1.08088e+13
          97          22  1.03796e+13
          98           1  1.13755e+15
          98           4  4.86790e+13
          98           9  2.77144e+13
          98          11  2.22786e+13
          98          13  1.72932e+13
          98          14  1.56505e+13
          98          16  1.17113e+13
          98          17  1.05552e+13
          99           1  8.74394e+14
          99           3  6.91409e+13
          99           4  5.29550e+13
          99           5  3.60807e+13
          99           6  2.26873e+13
          99          11  1.56991e+13
          99          12  1.28548e+13
          99          13  1.22054e+13
          99          16  1.06435e+13
         100           1  9.81870e+14
         100           3  1.41469e+14
         100           4  8.97210e+13
         100           5  5.16848e+13
         100          15  1.86874e+13
         100          17  1.74840e+13
         100          20  1.33645e+13
         100          22  1.20417e+13
         100          23  1.10417e+13
         100          26  1.02370e+13
         101           1  9.34152e+14
         101           2  2.48562e+14
         101           6  6.38442e+13
         101           7  2.65365e+13
         101           9  2.27184e+13
         101          13  1.68088e+13
         101          19  1.25756e+13
         101          21  1.23220e+13
         101          24  1.10260e+13
         102           1  9.60263e+14
         102           2  1.75368e+14
         102           3  5.29405e+13
         102          13  1.66371e+13
         102          15  1.15563e+13
         102          16  1.00709e+13
         103           1  7.18793e+14
         103           2  5.89065e+14
         103           3  3.02049e+14
         103           4  1.71224e+14
         103           6  1.38472e+14
         103           7  1.02976e+14
         103           8  8.46642e+13
         103           9  7.10326e+13
         103          14  2.06991e+13
         103          15  1.66313e+13
         103          17  1.52099e+13
         103          20  1.28257e+13
         103          22  1.15553e+13
         104           1  1.17617e+15
         104           2  4.60546e+14
         104           5  6.53519e+13
         104          10  2.55406e+13
         104          11  2.24605e+13
         104          20  1.04940e+13
         105           1  8.85248e+14
         105           2  2.48224e+14
         105           3  1.18241e+14
         105          12  1.57759e+13
         105          14  1.32126e+13
         105          15  1.15212e+13
         106           1  1.18995e+15
         106          13  1.71350e+13
         106          16  1.42437e+13
         106          17  1.51652e+13
         106          20  1.28710e+13
         106          22  1.04445e+13
         107           1  5.15741e+14
         107           2  3.94506e+14
         107           4  9.68340e+13
         107           5  8.63517e+13
         107           6  4.09268e+13
         107          19  1.00150e+13
         108           1  1.00308e+15
         108           2  3.25518e+14
         108           3  1.08599e+14
         108           5  6.13218e+13
         108           8  3.30237e+13
         108          11  1.52705e+13
         108          14  1.20329e+13
         108          15  1.22716e+13
         108          16  1.17422e+13
         109           1  7.62648e+14
         109           3  5.16896e+13
         109           4  3.31040e+13
         109           6  2.45825e+13
         109           9  1.51843e+13
         109          11  1.51118e+13
         110           1  1.18314e+15
         110           2  1.42201e+14
         110           6  6.41867e+13
         110          10  2.41096e+13
         110          12  1.41572e+13
         110          15  1.25628e+13
         110          16  1.06470e+13
         111           1  1.06119e+15
         111           2  1.31113e+14
         111           3  1.28417e+14
         111           6  4.82826e+13
         111           8  4.19009e+13
         111          10  3.93793e+13
         112           1  6.63129e+14
         112           2  3.40183e+14
         112           5  7.61735e+13
         112           9  2.59750e+13
         112          15  1.24954e+13
         112          19  1.08965e+13
         113           1  1.40347e+15
         113           5  4.41590e+13
         113           6  4.54588e+13
         113           8  4.15311e+13
         113          14  2.68846e+13
         113          15  2.44001e+13
         113          17  2.04232e+13
         113          20  1.76945e+13
         113          25  1.09348e+13
         114           1  1.10969e+15
         114           2  2.59846e+14
         114           3  1.58473e+14
         114           7  4.15427e+13
         114          10  2.56669e+13
         114          14  1.88592e+13
         114          18  1.33047e+13
         115           1  8.90514e+14
         115           5  6.24321e+13
         115           8  3.69144e+13
         115          13  2.36259e+13
         115          18  1.70828e+13
         115          19  1.58829e+13
         116           1  7.82989e+14
         116           2  9.53165e+13
         116           3  7.71485e+13
         116           9  2.28307e+13
         116          10  1.63817e+13
         116          15  1.35465e+13
         117           1  5.25368e+14
         117           2  3.79081e+14
         117           3  6.23011e+13
         117           5  4.54739e+13
         117           7  1.38895e+13
         117           9  1.22533e+13
         117          10  1.13364e+13
         117          11  1.10472e+13
         118           1  6.63868e+14
         118           2  2.67865e+14
         118           8  2.95780e+13
         118          10  2.70801e+13
         118          14  1.37931e+13
         118          16  1.16877e+13
         119           1  5.52214e+14
         119           3  2.58411e+14
         119           7  3.79660e+13
         119           8  3.83329e+13
         119           9  3.74991e+13
         119          13  2.73559e+13
         119          14  2.33289e+13
         119          15  2.25500e+13
         119          21  1.56668e+13
         119          22  1.27347e+13
         119          25  1.07254e+13
         120           1  1.09006e+15
         120           3  7.36555e+13
         120           5  3.45363e+13
         120           7  2.17353e+13
         120          11  1.67275e+13
         120          14  1.39725e+13
         120          18  1.05664e+13
         121           1  1.15882e+15
         121           2  4.38250e+13
         121           3  3.89391e+13
         121           4  3.41154e+13
         121           6  1.50793e+13
         121           7  1.53663e+13
         121           8  1.43956e+13
         121          11  1.02810e+13
         122           1  9.65515e+14
         122           3  1.95833e+14
         122           7  3.96312e+13
         122           8  3.33915e+13
         122          13  2.52510e+13
         123           1  9.20087e+14
         123           3  1.15712e+14
         123           6  2.08659e+13
         123           8  1.69844e+13
         123          10  1.42794e+13
         123          12  1.31855e+13
         123          13  1.32730e+13
         123          14  1.27679e+13
         123          17  1.03040e+13
         124           1  1.10102e+15
         124           3  9.85274e+13
         124           5  5.01443e+13
         124           7  3.15104e+13
         124          13  1.82937e+13
         124          21  1.09649e+13
         125           1  9.56696e+14
         125           2  7.16370e+13
         125           4  4.06094e+13
         125           5  3.74055e+13
         125          10  1.83332e+13
         125          14  1.43202e+13
         125          18  1.19199e+13
         125          19  1.10084e+13
         125          22  1.01612e+13
         125          23  1.04669e+13
         126           1  1.22328e+15
         126           2  5.87669e+13
         126           5  2.15930e+13
         126           6  2.03052e+13
         126          13  1.22258e+13
         127           1  1.05098e+15
         127           3  1.37335e+14
         127           5  6.80895e+13
         127           9  4.16700e+13
         127          12  2.34276e+13
         127          14  1.51129e+13
         127          18  1.17392e+13
         128           1  1.18983e+15
         128           3  5.63631e+13
         128          13  1.37458e+13
         128          14  1.33421e+13
         129           1  1.02779e+15
         129           2  3.71999e+13
         129           3  3.46515e+13
         129           5  2.89908e+13
         129          10  1.49386e+13
         129          11  1.42531e+13
         129          14  1.07998e+13
         130           1  1.12838e+15
         130           3  4.31038e+13
         130           4  3.34622e+13
         130           6  2.62777e+13
         130          10  1.57705e+13
         130          15  1.26051e+13
         131           1  8.18528e+14
         131           2  2.24145e+14
         131           3  2.05759e+14
         131           6  2.90496e+13
         131           8  2.73126e+13
         131          14  1.67215e+13
         132           1  1.06377e+15
         132           2  1.37566e+14
         132           4  5.25888e+13
         132           5  3.22709e+13
         132           7  3.08613e+13
         132          10  1.52279e+13
         132          11  1.45891e+13
         132          17  1.22418e+13
         132          18  1.16804e+13
         133           1  1.56584e+15
         133           2  1.02379e+15
         133          12  2.18892e+13
         133          17  1.72378e+13
         133          18  1.61453e+13
         133          20  1.36581e+13
         133          22  1.35278e+13
         133          24  1.18479e+13
         133          28  1.12194e+13
         133          29  1.19299e+13
         134           1  9.00671e+14
         134           2  7.62046e+13
         134           4  5.66825e+13
         134           6  2.59640e+13
         134           7  2.24006e+13
         134           8  2.36150e+13
         134           9  2.25725e+13
         134          10  1.93090e+13
         134          12  1.40096e+13
         134          14  1.31860e+13
         134          17  1.01279e+13
         135           1  4.02343e+14
         135           2  3.49331e+14
         135           3  1.71886e+14
         135           8  3.21485e+13
         135          15  1.26498e+13
         136           1  9.46541e+14
         136           4  3.91196e+13
         136           8  1.90432e+13
         136          11  1.26200e+13
         136          13  1.05410e+13
         137           1  9.87486e+14
         137           3  3.53871e+14
         137           4  1.42888e+14
         137           5  8.43057e+13
         137          12  2.29869e+13
         137          14  1.54176e+13
         137          20  1.13771e+13
         137          21  1.03672e+13
         138           1  6.37547e+14
         138           2  2.51977e+14
         138           3  1.65098e+14
         138           4  8.12461e+13
         138           8  4.68891e+13
         138          13  1.82719e+13
         138          14  1.75627e+13
         138          19  1.08068e+13
         139           1  6.22821e+14
         139           2  2.61190e+14
         139           7  1.67061e+13
         139          11  1.01724e+13
         140           1  1.27219e+15
         140           2  2.37208e+14
         140           5  4.86204e+13
         140           6  3.53038e+13
         140           8  2.56177e+13
         140          14  1.44208e+13
         140          17  1.07009e+13
         141           1  1.08136e+15
         141           2  6.74181e+13
         141           8  2.36765e+13
         141          16  1.07781e+13
         142           1  6.98836e+14
         142           3  1.95426e+14
         142           4  1.05923e+14
         142           9  4.01805e+13
         142          10  4.04522e+13
         142          12  3.58789e+13
         142          14  3.24067e+13
         142          15  2.92884e+13
         142          18  1.99612e+13
         142          20  1.98044e+13
         142          25  1.72856e+13
         142          27  1.47653e+13
         142          35  1.07091e+13
         143           1  1.00857e+15
         143           3  4.75535e+13
         143           6  2.48484e+13
         143           9  1.59356e+13
         144           1  7.79885e+14
         144           2  1.86013e+14
         144           5  3.41683e+13
         144           6  2.28222e+13
         144           7  1.55650e+13
         144          11  1.09724e+13
         144          14  1.03359e+13
         144          15  1.02259e+13
         145           1  5.86588e+14
         145           2  1.94439e+14
         145           9  2.02739e+13
         145          11  1.72073e+13
         145          13  1.27531e+13
         145          17  1.04748e+13
         146           1  7.92423e+14
         146           2  1.90474e+14
         146           5  3.50790e+13
         146           7  3.33546e+13
         146           8  2.57039e+13
         146          15  1.39120e+13
         146          16  1.28711e+13
         146          18  1.10050e+13
         147           1  8.74415e+14
         147           2  1.94502e+14
         147           3  1.24329e+14
         147           4  6.61019e+13
         147          14  1.28341e+13
         148           1  8.88357e+14
         148           2  1.93382e+14
         148           3  1.06663e+14
         148           4  6.67736e+13
         148           9  4.64641e+13
         148          11  3.68834e+13
         148          12  3.35210e+13
         148          16  2.39037e+13
         148          20  1.29706e+13
         148          21  1.35542e+13
         148          22  1.39779e+13
         148          23  1.22204e+13
         148          25  1.19130e+13
         148          28  1.09508e+13
         149           1  1.03376e+15
         149           3  5.18917e+13
         149           6  4.40541e+13
         149           9  3.25587e+13
         149          19  1.09908e+13
         149          21  1.00801e+13
         150           1  1.27269e+15
         150           5  2.82747e+13
         150           6  2.43384e+13
         150           9  1.99811e+13
         150          10  2.04181e+13
         150          13  1.34295e+13
         150          16  1.04172e+13
         151           1  9.80624e+14
         151           4  4.35695e+13
         151           8  2.14907e+13
         151           9  2.05086e+13
         151          10  2.27623e+13
         151          11  2.26531e+13
         151          13  1.97612e+13
         151          14  1.90779e+13
         151          15  1.76060e+13
         151          18  1.33733e+13
         151          20  1.05362e+13
         151          22  1.04610e+13
         152           1  4.79328e+14
         152           2  3.82214e+14
         152           5  5.51561e+13
         152           9  2.99130e+13
         152          14  1.32223e+13
         152          22  1.04828e+13
         153           1  8.88237e+14
         153           2  1.93066e+14
         153           5  7.25485e+13
         153          12  2.92891e+13
         153          13  2.41534e+13
         153          14  2.04979e+13
         153          18  1.54035e+13
         154           1  1.11657e+15
         154           4  6.81741e+13
         154           9  2.56550e+13
         154          10  1.82957e+13
         154          12  1.49007e+13
         155           1  8.71047e+14
         155           3  1.40307e+14
         155           5  7.42289e+13
         155          22  1.30533e+13
         155          23  1.22492e+13
         155          25  1.18568e+13
         156           1  1.12825e+15
         156           4  3.29795e+13
         156           5  2.14804e+13
         156           7  1.93594e+13
         156           9  2.00836e+13
         156          11  1.40977e+13
         156          12  1.24461e+13
         156          13  1.13156e+13
         156          15  1.03172e+13
         157           1  9.90431e+14
         157           2  5.42869e+14
         157           5  6.13044e+13
         157          11  2.21694e+13
         157          14  1.56657e+13
         157          16  1.57960e+13
         157          17  1.43999e+13
         157          18  1.57310e+13
         157          23  1.32723e+13
         157          24  1.33491e+13
         158           1  6.64431e+14
         158           3  1.61227e+14
         158           6  2.01103e+13
         158           7  1.57787e+13
         158          12  1.13249e+13
         158          13  1.10581e+13
         159           1  4.60522e+14
         159           2  3.30582e+14
         159           3  1.35581e+14
         159           5  7.90128e+13
         159           8  2.86077e+13
         159          11  1.77244e+13
         159          13  1.47613e+13
         159          16  1.28210e+13
         160           1  7.51622e+14
         160           2  1.25916e+14
         160           3  5.66718e+13
         160           4  5.33067e+13
         160           7  1.99388e+13
         160           8  1.75561e+13
         160          10  1.81534e+13
         160          13  1.65116e+13
         160          18  1.25631e+13
         161           1  9.60445e+14
         161           3  8.91138e+13
         161           5  6.52292e+13
         161           6  5.83717e+13
         161          10  2.26590e+13
         161          13  1.89884e+13
         161          14  1.60160e+13
         161          17  1.24487e+13
         162           1  7.24306e+14
         162           2  2.14950e+14
         162           3  8.75059e+13
         162           7  3.60596e+13
         162          14  1.70952e+13
         162          20  1.18442e+13
         162          21  1.16410e+13
         162          22  1.12794e+13
         162          25  1.05569e+13
         163           1  1.12908e+15
         163           2  4.34088e+13
         163           3  4.57856e+13
         163           7  2.34203e+13
         163           9  2.13320e+13
         163          11  1.81299e+13
         164           1  5.20503e+14
         164           2  3.67640e+14
         164           3  7.96065e+13
         164           6  2.07023e+13
         164          11  1.18940e+13
         164          13  1.07934e+13
         164          15  1.05229e+13
         165           1  9.50402e+14
         165           2  1.17509e+14
         165           5  4.28181e+13
         165           9  2.47926e+13
         165          11  2.12620e+13
         165          12  1.78121e+13
         165          13  1.80027e+13
         165          14  1.70778e+13
         165          17  1.39111e+13
         165          18  1.24782e+13
         165          20  1.12292e+13
         166           1  1.04643e+15
         166           2  4.20639e+14
         166           3  2.68132e+14
         166           4  1.28365e+14
         166           5  9.20766e+13
         166           7  6.57119e+13
         166           8  4.97292e+13
         166           9  4.59695e+13
         166          10  4.54488e+13
         166          11  3.91779e+13
         166          16  2.87625e+13
         166          19  2.05303e+13
         166          20  2.02961e+13
         166          27  1.34302e+13
         166          28  1.49589e+13
         166          29  1.45008e+13
         166          39  1.02926e+13
         167           1  1.03716e+15
         167           2  1.77115e+14
         167           3  8.44083e+13
         167           4  5.32002e+13
         167           6  2.99506e+13
         167           7  2.90045e+13
         168           1  9.26903e+14
         168           3  6.49876e+13
         168           6  3.69814e+13
         168           8  1.37736e+13
         168           9  1.28095e+13
         168          13  1.02087e+13
         169           1  5.99006e+14
         169           2  4.97756e+14
         169           3  2.82506e+14
         169           7  4.69362e+13
         169          12  1.69194e+13
         169          15  1.55616e+13
         169          16  1.57727e+13
         169          17  1.43567e+13
         169          18  1.41664e+13
         169          19  1.50503e+13
         170           1  1.02932e+15
         170           2  3.61415e+14
         170           6  2.28757e+13
         170           9  1.68335e+13
         170          10  1.70625e+13
         170          12  1.41554e+13
         171           1  5.71911e+14
         171           3  6.93978e+13
         171           7  2.98453e+13
         171           8  2.56048e+13
         171          12  2.08729e+13
         171          16  1.55869e+13
         171          17  1.48994e+13
         171          19  1.39580e+13
         171          21  1.45480e+13
         171          25  1.04781e+13
         172           1  7.54616e+14
         172           2  8.00493e+13
         172           4  3.22080e+13
         172          13  1.00559e+13
         173           1  6.60110e+14
         173           2  1.39115e+14
         173           4  8.00973e+13
         173           5  5.39321e+13
         173           7  2.96599e+13
         173           8  2.49566e+13
         173           9  1.63317e+13
         173          13  1.12463e+13
         173          15  1.08127e+13
         174           1  9.90109e+14
         174           4  4.73598e+13
         174           7  2.48191e+13
         174           9  1.71243e+13
         174          11  1.22774e+13
         175           1  1.09001e+15
         175           6  6.45218e+13
         175           7  3.17064e+13
         175          13  1.94857e+13
         175          16  1.55688e+13
         175          17  1.53909e+13
         175          18  1.42271e+13
         176           1  8.70026e+14
         176           6  2.43310e+13
         176          11  2.05474e+13
         176          12  1.85160e+13
         176          15  1.42855e+13
         176          16  1.31258e+13
         177           1  9.98549e+14
         177           2  2.20767e+14
         177           5  6.57036e+13
         177           6  5.14937e+13
         177           8  3.47429e+13
         177          16  1.02529e+13
         178           1  6.89160e+14
         178           6  4.56571e+13
         179           1  9.53037e+14
         179           3  4.51554e+13
         179           5  2.49169e+13
         179           9  1.93253e+13
         179          14  1.13905e+13
         180           1  8.29818e+14
         180           2  1.10783e+14
         180           7  5.01541e+13
         180           8  4.55393e+13
         180          11  3.14198e+13
         180          12  3.28875e+13
         180          18  1.40860e+13
         180          20  1.04862e+13
         180          21  1.01031e+13
         181           1  9.22193e+14
         181           4  5.86839e+13
         181           8  3.33557e+13
         181           9  2.71343e+13
         181          11  2.31395e+13
         181          12  1.33340e+13
         181          15  1.04422e+13
         182           1  9.30732e+14
         182           3  6.43592e+13
         182           6  1.50937e+13
         182           8  1.52832e+13
         182          11  1.40703e+13
         183           1  6.34004e+14
         183           2  2.70760e+14
         183           6  3.56583e+13
         183           7  3.76577e+13
         183           9  2.40810e+13
         183          10  2.41547e+13
         183          11  2.25513e+13
         183          15  1.53971e+13
         183          17  1.49121e+13
         183          19  1.32197e+13
         184           1  8.07525e+14
         184           2  5.70857e+14
         184           3  7.92379e+13
         184           4  7.02128e+13
         184           7  3.23274e+13
         184          12  1.99441e+13
         184          19  1.19476e+13
         184          23  1.01672e+13
         185           1  9.27652e+14
         185           3  3.56168e+13
         185           4  3.39218e+13
         185          12  1.38903e+13
         185          15  1.13323e+13
         185          16  1.15150e+13
         185          17  1.02080e+13
         186           1  8.83323e+14
         186           5  3.44554e+13
         186           6  3.31308e+13
         186           8  2.77903e+13
         186          10  1.53544e+13
         186          13  1.49709e+13
         186          14  1.24550e+13
         186          15  1.24327e+13
         186          16  1.04925e+13
         187           1  1.06901e+15
         187           4  2.32056e+13
         187          13  1.29058e+13
         187          15  1.17942e+13
         188           1  4.78252e+14
         188           2  2.82346e+14
         188           3  1.03518e+14
         188           4  7.98036e+13
         188           6  4.42346e+13
         188           7  4.25271e+13
         188          10  1.98137e+13
         188          11  1.67582e+13
         188          12  1.56533e+13
         188          16  1.38976e+13
         189           1  6.86535e+14
         189           2  1.10598e+14
         189           3  7.68234e+13
         189           5  6.28736e+13
         189           8  2.13615e+13
         189          12  1.45651e+13
         189          13  1.38947e+13
         189          19  1.08653e+13
         190           1  4.66136e+14
         190           2  3.85775e+14
         190           3  1.50382e+14
         190           5  3.92233e+13
         190           6  2.75112e+13
         190           7  2.73475e+13
         190           9  1.74148e+13
         190          14  1.23863e+13
         190          17  1.01307e+13
         190          18  1.00317e+13
         191           1  6.00395e+14
         191           2  1.48891e+14
         191           3  7.22684e+13
         191           5  2.09041e+13
         191           8  1.74881e+13
         191           9  1.50849e+13
         191          10  1.54526e+13
         191          11  1.56950e+13
         191          12  1.32544e+13
         191          13  1.27086e+13
         191          15  1.02683e+13
         192           1  7.13959e+14
         192           4  9.04359e+13
         192           5  8.53909e+13
         192           7  2.62197e+13
         192          10  2.05650e+13
         192          11  1.51682e+13
         192          14  1.04095e+13
         193           1  1.07442e+15
         193           7  4.00877e+13
         193          10  2.51715e+13
         193          13  2.16003e+13
         193          18  1.31908e+13
         193          19  1.36295e+13
         193          20  1.32761e+13
         194           1  9.82610e+14
         194           2  2.15462e+14
         194           3  6.69916e+13
         194           5  3.88329e+13
         194           6  3.08905e+13
         194          13  1.93985e+13
         194          18  1.10633e+13
         194          20  1.03113e+13
         195           1  6.28267e+14
         195           2  2.21917e+14
         195           5  4.41514e+13
         195           9  2.92830e+13
         195          10  2.58882e+13
         195          19  1.48127e+13
         195          20  1.48002e+13
         195          22  1.16144e+13
         196           1  4.89566e+14
         196           2  3.69306e+14
         196           4  3.02427e+13
         196           7  1.90234e+13
         197           1  3.29467e+14
         197           2  2.87635e+14
         197           3  1.31819e+14
         197           6  9.40591e+13
         197           7  4.25671e+13
         197          10  3.11145e+13
         197          11  2.67099e+13
         197          13  2.34994e+13
         197          14  2.30118e+13
         197          18  1.78128e+13
         198           1  6.97346e+14
         198           5  4.50143e+13
         198           6  3.80281e+13
         198          10  2.01940e+13
         198          11  1.97737e+13
         198          15  1.27792e+13
         199           1  6.94676e+14
         199           2  2.73085e+14
         199           3  9.31327e+13
         199           6  4.23949e+13
         199          11  1.32146e+13
         199          15  1.09596e+13
         200           1  6.65143e+14
         200           3  1.67492e+14
         200           4  8.38940e+13
         200           7  5.34567e+13
         200           8  5.33960e+13
         200          10  3.83986e+13
         200          12  3.76427e+13
         200          14  3.23829e+13
         200          21  1.69347e+13
         200          22  1.51021e+13
         200          28  1.04759e+13
         200          29  1.03252e+13
         201           1  8.04897e+14
         201           3  1.26011e+14
         201           4  8.24944e+13
         202           1  7.85917e+14
         202           2  1.08671e+14
         202           6  3.16213e+13
         202          12  1.48803e+13
         202          13  1.46548e+13
         202          14  1.33866e+13
         202          15  1.32346e+13
         203           1  9.85298e+14
         203           4  2.46955e+13
         204           1  5.55758e+14
         204           2  2.14289e+14
         204           3  6.18115e+13
         204           4  3.79601e+13
         204           9  1.85677e+13
         204          12  1.32635e+13
         204          14  1.25641e+13
         204          16  1.18858e+13
         204          19  1.06696e+13
         205           1  8.65554e+14
         205           2  5.70018e+14
         205           3  1.32081e+14
         205           4  9.43518e+13
         205           8  4.49332e+13
         205          12  2.06960e+13
         205          15  1.40979e+13
         205          19  1.18069e+13
         205          22  1.09312e+13
         206           1  8.15557e+14
         206           2  3.18210e+14
         206           3  1.96585e+14
         206           4  1.03806e+14
         206           8  3.58744e+13
         206           9  2.78980e+13
         206          11  2.12353e+13
         206          12  2.11664e+13
         206          16  1.30313e+13
         206          17  1.07048e+13
         206          18  1.13369e+13
         207           1  8.13918e+14
         207           2  9.42842e+13
         207           3  3.86109e+13
         207           7  2.32065e+13
         208           1  1.01935e+15
         208           2  1.00496e+14
         208           3  6.92901e+13
         208           5  4.30272e+13
         208          14  1.11704e+13
         209           1  8.78300e+14
         209           2  1.06597e+14
         209           3  4.85217e+13
         209           6  1.83222e+13
         209           7  1.60912e+13
         210           1  7.56035e+14
         210           3  9.79564e+13
         210           5  7.45623e+13
         210           6  4.77725e+13
         210           8  3.05310e+13
         210           9  2.44295e+13
         210          10  2.23951e+13
         210          12  2.05751e+13
         210          13  1.80530e+13
         210          15  1.41690e+13
         210          18  1.25583e+13
         211           1  8.11021e+14
         211           2  7.80108e+13
         211           3  5.87313e+13
         211           4  3.28102e+13
         211           5  3.29300e+13
         211           6  3.05053e+13
         211           8  2.31829e+13
         211          12  1.69054e+13
         211          13  1.64836e+13
         211          14  1.65678e+13
         211          17  1.01371e+13
         212           1  5.12326e+14
         212           2  2.06890e+14
         212           3  9.22522e+13
         212           4  5.23455e+13
         212           5  4.44742e+13
         212          11  1.75424e+13
         212          12  1.77402e+13
         213           1  4.86833e+14
         213           2  1.00886e+14
         213           3  8.40787e+13
         213           4  5.38195e+13
         213           5  4.79184e+13
         213           6  4.82258e+13
         213           9  2.93371e+13
         213          10  2.94290e+13
         214           1  1.02765e+15
         214           4  6.26378e+13
         214           9  1.53533e+13
         214          11  1.26413e+13
         214          14  1.01479e+13
         215           1  5.58302e+14
         215           2  2.21050e+14
         215           3  1.83839e+14
         215           4  7.04373e+13
         215           6  4.90777e+13
         215           8  2.43299e+13
         215          13  2.03718e+13
         215          14  1.68549e+13
         215          15  1.65573e+13
         215          19  1.06462e+13
         215          20  1.08250e+13
         216           1  5.21007e+14
         216           2  4.18919e+14
         216           6  1.46112e+13
         216           7  1.04002e+13
         217           1  6.76459e+14
         217           2  2.65751e+14
         217           3  1.81088e+14
         217          15  1.20064e+13
         218           1  1.01273e+15
         218           6  3.29633e+13
         218           8  2.40540e+13
         218          12  1.37330e+13
         218          13  1.39792e+13
         218          16  1.16450e+13
         219           1  8.56326e+14
         219           2  1.05028e+14
         219           3  8.47324e+13
         219           6  3.43956e+13
         219           8  1.96941e+13
         219           9  1.70073e+13
         219          14  1.17238e+13
         219          15  1.19392e+13
         219          17  1.14057e+13
         219          19  1.11118e+13
         219          20  1.08144e+13
         220           1  8.77696e+14
         220           2  9.78896e+13
         220           6  3.35349e+13
         220           7  2.52233e+13
         220           8  2.53893e+13
         220          22  1.12351e+13
         220          24  1.03254e+13
         220          25  1.05164e+13
         220          26  1.03505e+13
         221           1  4.53984e+14
         221           2  2.66616e+14
         221           3  8.00711e+13
         221           4  8.00321e+13
         221           5  3.79143e+13
         221           7  3.10291e+13
         221           8  2.33474e+13
         221          10  1.74821e+13
         221          11  1.51407e+13
         221          12  1.54955e+13
         221          14  1.16509e+13
         221          15  1.16039e+13
         221          16  1.10138e+13
         222           1  1.02408e+15
         222          10  1.59010e+13
         222          12  1.07721e+13
         223           1  9.95687e+14
         223           5  2.38851e+13
         223           8  2.27981e+13
         224           1  2.73195e+14
         224           3  2.43641e+14
         224           7  5.32599e+13
         224           9  4.58681e+13
         224          10  3.66813e+13
         224          11  3.20189e+13
         224          14  2.35052e+13
         225           1  9.18450e+14
         225           2  2.61763e+14
         225           4  4.94562e+13
         225           6  3.51594e+13
         225           8  2.09124e+13
         225          10  1.55278e+13
         225          11  1.43492e+13
         225          14  1.28434e+13
         225          15  1.19661e+13
         225          17  1.15585e+13
         226           1  6.53771e+14
         226           3  1.76610e+14
         226           4  1.38390e+14
         226           5  3.95527e+13
         226          12  1.09116e+13
         226          14  1.00767e+13
         227           1  1.05306e+15
         227           5  2.45001e+13
         227           7  1.84079e+13
         228           1  4.60968e+14
         228           2  2.97316e+14
         228           3  1.37651e+14
         228           4  6.04869e+13
         228           6  4.57346e+13
         228           7  4.50105e+13
         228           9  3.46856e+13
         228          17  1.63720e+13
         228          18  1.43555e+13
         228          21  1.31256e+13
         228          23  1.22165e+13
         229           1  9.11241e+14
         229           2  4.29448e+13
         229           4  3.37662e+13
         229           9  2.27623e+13
         229          10  1.67929e+13
         229          14  1.45920e+13
         229          16  1.44882e+13
         229          18  1.02253e+13
         230           1  9.94529e+14
         230           4  5.26519e+13
         230          11  1.32989e+13
         230          13  1.13988e+13
         231           1  4.88212e+14
         231           2  4.27749e+14
         231           3  4.20389e+14
         231           4  1.29121e+14
         231           6  3.33944e+13
         231           7  2.47909e+13
         231          14  1.62428e+13
         231          15  1.63476e+13
         231          24  1.06829e+13
         231          26  1.12740e+13
         231          27  1.13622e+13
         231          28  1.05086e+13
         231          30  1.01922e+13
         232           1  4.07115e+14
         232           2  2.46704e+14
         232           3  1.82150e+14
         232           4  1.24137e+14
         232           5  5.16257e+13
         232           6  4.63694e+13
         232          12  1.54491e+13
         232          13  1.07804e+13
         232          16  1.05494e+13
         232          17  1.02920e+13
         232          18  1.01770e+13
         233           1  7.50898e+14
         233           2  1.42954e+14
         233           3  1.09156e+14
         233           5  4.50609e+13
         233           6  4.50241e+13
         233           8  2.91093e+13
         233          10  2.70751e+13
         233          15  1.75088e+13
         233          17  1.46328e+13
         233          22  1.32188e+13
         233          23  1.28545e+13
         234           1  6.27036e+14
         234           2  1.86100e+14
         234           3  1.68153e+13
         234           6  1.46849e+13
         234           7  1.43357e+13
         235           1  4.73444e+14
         235           3  1.51627e+14
         235           5  7.90209e+13
         235          10  3.01293e+13
         235          13  1.53783e+13
         235          15  1.23360e+13
         235          17  1.19811e+13
         235          18  1.14220e+13
         235          20  1.00902e+13
         236           1  8.59555e+14
         236           6  3.76706e+13
         236           7  2.19025e+13
         236          12  1.44898e+13
         236          13  1.19530e+13
         236          14  1.07931e+13
         237           1  4.89891e+14
         237           2  1.63518e+14
         237           3  6.92795e+13
         237           7  3.41824e+13
         237          13  1.53965e+13
         237          16  1.03350e+13
         237          18  1.01069e+13
         238           1  8.71186e+14
         238           3  5.47602e+13
         238           5  2.61146e+13
         238           7  2.16916e+13
         238           9  1.54717e+13
         239           1  7.83981e+14
         239           2  7.38478e+13
         239           4  3.06217e+13
         239           5  2.94282e+13
         239           6  2.68254e+13
         239           7  2.66782e+13
         239          13  1.51325e+13
         240           1  9.32891e+14
         240           2  2.26191e+14
         240           3  1.35172e+14
         240           4  8.84321e+13
         240          15  1.61674e+13
         240          16  1.35970e+13
         240          20  1.12573e+13
         241           1  6.68728e+14
         241           3  1.14633e+14
         241           4  3.80351e+13
         241           5  3.57553e+13
         241           6  2.83368e+13
         242           1  9.19343e+14
         242           2  1.07202e+14
         242           8  3.23978e+13
         242          10  2.32752e+13
         242          12  1.33776e+13
         242          16  1.25196e+13
         242          18  1.02629e+13
         243           1  5.95682e+14
         243           2  1.50001e+14
         243           6  2.92098e+13
         243           9  1.54974e+13
         243          11  1.22292e+13
         244           1  7.16818e+14
         244           6  4.07585e+13
         244           7  3.35947e+13
         244          10  1.29111e+13
         244          11  1.16986e+13
         245           1  4.92119e+14
         245           2  2.83942e+14
         245           4  1.27075e+14
         245           5  9.28601e+13
         245           6  8.83327e+13
         245           7  7.92973e+13
         245          10  4.64597e+13
         245          11  4.54199e+13
         245          12  4.38855e+13
         245          14  3.37391e+13
         245          17  1.77403e+13
         245          19  1.77034e+13
         245          21  1.71158e+13
         245          24  1.54727e+13
         245          26  1.40819e+13
         245          33  1.01195e+13
         245          34  1.02721e+13
         246           1  9.29202e+14
         246           3  5.11950e+13
         247           1  1.00203e+15
         248           1  4.58058e+14
         248          19  1.03882e+13
         249           1  4.19933e+14
         249           2  1.88163e+14
         249           5  4.05295e+13
         249           7  2.62353e+13
         249           8  2.01923e+13
         249           9  1.86656e+13
         249          11  1.38903e+13
         250           1  1.00832e+15
         250           5  3.72743e+13
         250           7  2.25831e+13
         250           8  2.16388e+13
         250          12  1.48616e+13
         250          16  1.09196e+13
         251           1  6.89633e+14
         251           2  1.65768e+14
         251           3  1.47509e+14
         251           4  1.18751e+14
         251           6  6.15206e+13
         251           9  4.32996e+13
         251          11  3.29780e+13
         251          14  1.32197e+13
         251          15  1.33123e+13
         251          16  1.26066e+13
         251          18  1.24222e+13
         251          19  1.05075e+13
         251          21  1.07133e+13
         251          23  1.07466e+13
         252           1  4.32039e+14
         252           2  1.90310e+14
         252           3  1.48394e+14
         252           7  4.08506e+13
         252          11  2.73995e+13
         252          12  2.11661e+13
         252          13  1.91550e+13
         252          18  1.20607e+13
         253           1  5.93897e+14
         253           2  1.81060e+14
         253           3  7.19857e+13
         253           6  2.33606e+13
         253          10  1.78886e+13
         254           1  9.25234e+14
         254           3  5.49451e+13
         254           4  4.70686e+13
         254           7  3.14674e+13
         254          13  1.59338e+13
         254          16  1.42260e+13
         254          19  1.14702e+13
         254          21  1.11729e+13
         255           1  5.81112e+14
         255           2  3.32537e+14
         255           3  1.22181e+14
         255           6  7.02970e+13
         255          21  1.12846e+13
         256           1  9.22029e+14
         256           3  3.90548e+13
         256           4  2.46523e+13
         256           9  1.95701e+13
         256          13  1.35955e+13
         257           1  9.36678e+14
         257           2  1.17505e+14
         257           6  3.13571e+13
         257          10  2.09977e+13
         257          12  1.65937e+13
         257          13  1.57896e+13
         257          15  1.19766e+13
         258           1  5.27687e+14
         258           2  1.62690e+14
         258           3  9.54808e+13
         258           8  3.26345e+13
         258          10  2.34105e+13
         258          11  1.95899e+13
         258          12  1.64862e+13
         258          14  1.46818e+13
         258          16  1.37574e+13
         258          19  1.16866e+13
         258          20  1.14877e+13
         258          22  1.10347e+13
         258          23  1.03625e+13
         259           1  6.31205e+14
         259           2  2.15310e+14
         259           6  3.11452e+13
         259           8  1.96743e+13
         259          10  1.34703e+13
         259          12  1.32233e+13
         260           1  8.82212e+14
         260           3  6.90258e+13
         260           6  2.57518e+13
         260           7  2.45964e+13
         260          12  1.10474e+13
         261           1  8.92098e+14
         261           4  3.21843e+13
         262           1  9.46533e+14
         262           3  9.12990e+13
         262           5  3.23126e+13
         262           6  3.13956e+13
         262          10  2.29341e+13
         262          16  1.60363e+13
         262          17  1.47939e+13
         262          20  1.28284e+13
         262          24  1.15217e+13
         263           1  7.15692e+14
         263           2  5.31045e+13
         263           3  4.44193e+13
         263           4  2.54291e+13
         263           6  2.30970e+13
         263           8  1.94367e+13
         263          12  1.42291e+13
         263          14  1.33023e+13
         263          16  1.19434e+13
         263          17  1.10544e+13
         264           1  9.18802e+14
         264           2  9.68386e+13
         264           5  3.36306e+13
         264          10  1.20267e+13
         264          13  1.12778e+13
         265           1  9.46966e+14
         265           5  4.50261e+13
         265           6  4.36263e+13
         265          15  1.17645e+13
         266           1  9.30046e+14
         266           4  2.72236e+13
         266           8  1.71382e+13
         266           9  1.40884e+13
         266          10  1.41675e+13
         267           1  6.07504e+14
         267           2  2.70401e+14
         267           3  4.41224e+13
         267           5  2.79487e+13
         267          11  1.17424e+13
         268           1  7.73324e+14
         268           2  1.49683e+14
         268           3  7.51311e+13
         268          10  2.24699e+13
         268          13  1.60636e+13
         268          17  1.01494e+13
         269           1  7.94634e+14
         269           8  1.29476e+13
         269          10  1.23572e+13
         269          12  1.10502e+13
         270           1  7.78861e+14
         270           2  6.57257e+13
         270           3  4.53119e+13
         270           4  3.68417e+13
         270           5  2.29089e+13
         270           8  1.93555e+13
         270           9  1.81179e+13
         270          10  1.19915e+13
         270          14  1.11571e+13
         271           1  7.89199e+14
         271           2  3.10044e+13
         271           4  2.84508e+13
         271          10  1.37538e+13
         271          12  1.33750e+13
         272           1  7.39605e+14
         272           2  1.52289e+14
         272           7  1.40567e+13
         272          11  1.12438e+13
         273           1  6.55663e+14
         273           2  2.72329e+14
         273           3  6.49610e+13
         273           4  4.47752e+13
         273           5  3.47886e+13
         273           7  3.03248e+13
         273           9  2.46987e+13
         274           1  9.34659e+14
         274           2  2.69823e+14
         274           7  3.48863e+13
         274           8  3.05993e+13
         274          12  2.07266e+13
         274          17  1.49623e+13
         274          19  1.18254e+13
         274          20  1.14087e+13
         274          22  1.11587e+13
         274          24  1.06725e+13
         274          25  1.04777e+13
         275           1  5.10753e+14
         275           2  2.46753e+14
         275           3  1.60563e+14
         275           5  4.23734e+13
         275           9  2.87492e+13
         275          23  1.01847e+13
         276           1  7.86842e+14
         276           2  1.96865e+14
         276           3  3.87545e+13
         276           4  3.33158e+13
         276          11  1.00777e+13
         277           1  7.38777e+14
         277           4  5.27161e+13
         277           6  2.70481e+13
         277           7  2.32326e+13
         277          12  1.25380e+13
         277          13  1.11480e+13
         278           1  6.67035e+14
         278           2  8.49516e+13
         278           3  6.30067e+13
         278           4  5.92667e+13
         278           5  4.39629e+13
         278          10  1.52537e+13
         278          12  1.12852e+13
         279           1  9.35893e+14
         279           2  4.82679e+13
         279           5  2.16880e+13
         279           7  1.75798e+13
         279          16  1.02078e+13
         280           1  3.85231e+14
         280           2  2.87650e+14
         280           6  2.36199e+13
         280           7  2.39631e+13
         281           1  3.82128e+14
         281           2  3.04345e+14
         281           3  2.26088e+14
         281           4  2.11736e+14
         281           8  7.25834e+13
         281           9  5.63913e+13
         281          11  3.20418e+13
         281          13  2.59895e+13
         281          17  2.00695e+13
         281          18  1.77294e+13
         281          19  1.72671e+13
         281          23  1.13378e+13
         281          27  1.10840e+13
         281          30  1.13924e+13
         281          32  1.02809e+13
         282           1  6.51846e+14
         282           2  3.85266e+14
         282           3  8.54554e+13
         282           4  8.58222e+13
         282          10  2.67786e+13
         282          12  2.12776e+13
         282          19  1.58849e+13
         282          25  1.16414e+13
         282          26  1.01672e+13
