           1           1  1.83989e+15
           1           2  3.44510e+14
           1           3  2.38357e+14
           1           4  2.24011e+14
           1           6  1.30008e+14
           1           7  1.23340e+14
           1           8  1.07963e+14
           1           9  8.43571e+13
           1          16  3.41252e+13
           1          17  2.96538e+13
           1          19  2.59979e+13
           1          20  2.61378e+13
           1          21  2.53921e+13
           1          24  2.30062e+13
           1          32  1.74522e+13
           1          33  1.61713e+13
           1          36  1.52569e+13
           1          38  1.44116e+13
           1          42  1.22956e+13
           1          46  1.10811e+13
           1          47  1.06222e+13
           2           1  8.14318e+14
           2           2  4.74719e+14
           2           3  3.03724e+14
           2           5  2.07220e+14
           2          14  1.42307e+13
           2          20  1.30257e+13
           2          21  1.15567e+13
           3           1  5.68896e+14
           3           2  3.58234e+14
           3           4  2.06124e+14
           3           5  1.71109e+14
           3           7  9.82493e+13
           3           8  7.67584e+13
           3          10  7.43364e+13
           3          11  6.55440e+13
           3          13  4.97878e+13
           3          16  4.46137e+13
           3          17  4.04581e+13
           3          18  4.05549e+13
           3          20  3.36466e+13
           3          24  2.69191e+13
           3          27  1.94988e+13
           3          31  1.76118e+13
           3          32  1.70610e+13
           3          33  1.76818e+13
           3          38  1.38426e+13
           3          39  1.27902e+13
           3          40  1.23135e+13
           3          42  1.08545e+13
           3          45  1.04782e+13
           3          47  1.06466e+13
           4           1  1.15386e+15
           4           2  3.13009e+14
           4           3  3.10595e+14
           4           4  2.39860e+14
           4           9  9.85293e+13
           4          14  4.89356e+13
           4          16  3.68072e+13
           4          22  2.52136e+13
           4          25  2.23898e+13
           4          26  2.13227e+13
           4          28  1.94186e+13
           4          33  1.53334e+13
           4          37  1.39941e+13
           4          40  1.29212e+13
           4          44  1.17831e+13
           4          46  1.08754e+13
           4          47  1.18299e+13
           4          48  1.05999e+13
           4          51  1.03514e+13
           5           1  1.65129e+15
           5           3  2.02665e+14
           5           4  9.26842e+13
           5           8  3.55523e+13
           5           9  3.16579e+13
           5          14  1.83571e+13
           5          15  1.83618e+13
           5          16  1.55289e+13
           5          17  1.61838e+13
           5          21  1.16267e+13
           5          22  1.21481e+13
           6           1  1.31543e+15
           6           2  5.98408e+14
           6           3  2.55372e+14
           6           6  3.20967e+13
           6           7  2.74495e+13
           6           8  2.60401e+13
           6           9  2.46761e+13
           6          11  2.04132e+13
           6          14  1.68272e+13
           6          16  1.31053e+13
           6          17  1.26852e+13
           6          20  1.13275e+13
           6          22  1.01304e+13
           7           1  1.13473e+15
           7           2  2.86912e+14
           7           3  2.34818e+14
           7           4  1.38473e+14
           7           5  8.63764e+13
           7           9  3.07242e+13
           7          17  1.50817e+13
           7          18  1.31705e+13
           8           1  6.88056e+14
           8           2  3.53590e+14
           8           5  1.65572e+14
           8           7  4.12069e+13
           8          11  2.75972e+13
           8          14  2.15311e+13
           8          15  2.02673e+13
           8          16  1.55745e+13
           8          19  1.26188e+13
           8          20  1.17624e+13
           9           1  1.95872e+15
           9           2  4.80686e+14
           9           8  4.23673e+13
           9          13  2.85051e+13
           9          17  1.87862e+13
           9          22  1.47119e+13
           9          23  1.45238e+13
           9          24  1.30271e+13
           9          25  1.36039e+13
           9          29  1.05973e+13
          10           1  1.45200e+15
          10           2  3.61195e+14
          10           3  3.26807e+14
          10           8  4.44439e+13
          10           9  4.24419e+13
          10          10  3.96987e+13
          10          11  3.56398e+13
          10          14  2.85550e+13
          10          15  2.74663e+13
          10          16  2.52011e+13
          10          17  2.50035e+13
          10          25  1.47645e+13
          10          27  1.31982e+13
          10          29  1.21927e+13
          10          33  1.03784e+13
          11           1  1.72231e+15
          11           2  2.14520e+14
          11           3  1.72652e+14
          11           4  1.49414e+14
          11           5  9.09819e+13
          11           7  6.25656e+13
          11           8  5.61180e+13
          11           9  4.29957e+13
          11          10  3.41287e+13
          11          18  1.72601e+13
          11          21  1.36322e+13
          11          22  1.26079e+13
          11          23  1.21484e+13
          11          25  1.25118e+13
          11          31  1.03611e+13
          12           1  8.85321e+14
          12           2  3.61249e+14
          12           6  4.23214e+13
          12           8  3.82987e+13
          12           9  3.42032e+13
          12          10  2.76443e+13
          12          11  2.34116e+13
          12          12  2.54251e+13
          12          13  2.00572e+13
          12          14  2.04388e+13
          12          16  1.85676e+13
          12          17  2.03763e+13
          12          18  1.73458e+13
          12          21  1.48333e+13
          12          27  1.08929e+13
          13           1  7.35652e+14
          13           2  4.57759e+14
          13           3  3.69556e+14
          13           4  1.86289e+14
          13           8  4.78940e+13
          13          13  2.41354e+13
          13          16  1.59071e+13
          13          18  1.72961e+13
          13          19  1.47972e+13
          13          20  1.45352e+13
          13          23  1.20546e+13
          13          26  1.11249e+13
          14           1  1.00003e+15
          14           2  4.12332e+14
          14           3  2.20438e+14
          14           4  2.06455e+14
          14           6  1.31070e+14
          14           7  6.79398e+13
          14           9  4.14795e+13
          14          10  4.00591e+13
          14          12  3.92659e+13
          14          17  2.09585e+13
          14          18  1.70249e+13
          14          19  1.52116e+13
          14          22  1.42292e+13
          14          23  1.43032e+13
          14          29  1.09718e+13
          15           1  5.17288e+14
          15           2  4.47991e+14
          15           3  2.33895e+14
          15           4  1.28074e+14
          15           5  7.33845e+13
          15           6  4.68721e+13
          15          16  1.72271e+13
          15          19  1.14525e+13
          15          20  1.16537e+13
          16           1  1.52211e+15
          16           3  2.30808e+14
          16           5  1.49561e+14
          16           6  1.34134e+14
          16           8  5.41622e+13
          16           9  4.10418e+13
          16          11  2.81733e+13
          16          14  2.29570e+13
          16          16  2.12910e+13
          16          17  2.08737e+13
          16          20  1.74427e+13
          16          22  1.57460e+13
          16          25  1.45874e+13
          16          26  1.51639e+13
          16          30  1.32963e+13
          16          36  1.16293e+13
          16          38  1.08440e+13
          16          41  1.08588e+13
          17           1  4.61661e+14
          17           2  4.08423e+14
          17           3  1.71310e+14
          17           4  1.49640e+14
          17           5  6.59726e+13
          17           7  4.79408e+13
          17          10  4.16087e+13
          17          11  3.75858e+13
          17          12  3.31871e+13
          17          13  3.34468e+13
          17          18  1.87754e+13
          17          19  1.82196e+13
          17          22  1.23146e+13
          17          24  1.11954e+13
          18           1  8.05839e+14
          18           2  4.46611e+14
          18           3  2.68855e+14
          18           4  1.72772e+14
          18           5  1.32116e+14
          18           6  8.54769e+13
          18          10  5.78815e+13
          18          12  5.00142e+13
          18          17  3.46461e+13
          18          18  2.48769e+13
          18          21  2.05093e+13
          18          23  1.56515e+13
          18          28  1.28130e+13
          18          30  1.14844e+13
          19           1  1.15379e+15
          19           2  1.16125e+14
          19           4  7.42258e+13
          19           5  5.05694e+13
          19           6  4.92760e+13
          19           7  4.76936e+13
          19           8  2.99956e+13
          19          10  2.15538e+13
          19          12  2.07386e+13
          19          13  2.01311e+13
          19          16  1.93968e+13
          19          17  1.76812e+13
          19          23  1.26808e+13
          19          24  1.20920e+13
          19          25  1.07901e+13
          20           1  6.20159e+14
          20           3  1.35552e+14
          20           6  6.07800e+13
          20           8  3.37645e+13
          20          10  2.97571e+13
          20          12  2.75056e+13
          20          19  1.91061e+13
          20          20  1.88491e+13
          20          22  1.55806e+13
          20          25  1.27275e+13
          20          27  1.20634e+13
          20          28  1.16730e+13
          20          30  1.16907e+13
          21           1  1.48903e+15
          21           2  1.36733e+14
          21           4  1.30833e+14
          21           5  8.05201e+13
          21           9  4.14596e+13
          21          17  2.20308e+13
          21          21  1.94730e+13
          21          25  1.50476e+13
          21          28  1.38918e+13
          21          30  1.37337e+13
          22           1  6.31948e+14
          22           3  2.88037e+14
          22           5  6.33433e+13
          22           6  4.37154e+13
          22           7  3.65024e+13
          22           8  2.39073e+13
          22           9  2.35090e+13
          22          12  1.83921e+13
          22          14  1.56938e+13
          22          15  1.38373e+13
          22          16  1.31536e+13
          22          17  1.28370e+13
          22          18  1.25109e+13
          22          20  1.24079e+13
          22          21  1.10944e+13
          23           1  1.27603e+15
          23           2  3.51355e+14
          23           3  1.77143e+14
          23           4  1.80442e+14
          23          19  2.23590e+13
          23          21  1.98856e+13
          23          26  1.61319e+13
          23          29  1.32153e+13
          23          36  1.04971e+13
          24           1  1.26513e+15
          24           2  3.41530e+14
          24           3  1.56212e+14
          24           4  6.06734e+13
          24           5  3.81756e+13
          24           7  2.53564e+13
          24           8  1.67640e+13
          24          10  1.73380e+13
          24          12  1.42300e+13
          25           1  7.64406e+14
          25           2  2.74966e+14
          25           4  1.17560e+14
          25           5  1.08048e+14
          25           7  6.37304e+13
          25           8  5.94996e+13
          25           9  3.94986e+13
          25          15  2.39882e+13
          25          16  2.29516e+13
          25          20  1.74382e+13
          25          21  1.64312e+13
          25          23  1.37416e+13
          25          27  1.37176e+13
          25          31  1.15452e+13
          25          35  1.00971e+13
          26           1  1.43592e+15
          26           2  1.04949e+14
          26           3  3.54960e+13
          26           4  3.11611e+13
          26          10  1.51018e+13
          26          12  1.27980e+13
          26          16  1.03674e+13
          27           1  1.50505e+15
          27           2  9.79427e+13
          27           4  8.40259e+13
          27           7  4.22523e+13
          27          10  3.22018e+13
          27          11  3.16866e+13
          27          18  1.96361e+13
          27          19  1.85797e+13
          27          20  1.87385e+13
          27          22  1.32153e+13
          27          24  1.42594e+13
          27          26  1.27975e+13
          27          27  1.30074e+13
          27          29  1.15706e+13
          27          31  1.16523e+13
          28           1  1.45833e+15
          28           2  7.62381e+13
          28           3  5.14258e+13
          28           7  3.58548e+13
          28           8  3.37481e+13
          28           9  2.44820e+13
          28          12  1.53880e+13
          28          15  1.26098e+13
          28          17  1.24736e+13
          28          20  1.17854e+13
          29           1  1.64160e+15
          29           4  5.66044e+13
          29           5  5.69814e+13
          29           7  3.58192e+13
          29           9  3.24591e+13
          29          12  2.51016e+13
          29          14  2.38464e+13
          29          15  2.08238e+13
          29          17  1.62879e+13
          29          21  1.41775e+13
          29          26  1.12505e+13
          29          27  1.15444e+13
          30           1  5.15565e+14
          30           2  2.06753e+14
          30           5  1.11142e+14
          30           6  4.48016e+13
          30           7  3.02554e+13
          30          12  1.68636e+13
          30          15  1.47711e+13
          30          16  1.48556e+13
          30          19  1.16358e+13
          30          20  1.05739e+13
          31           1  1.48784e+15
          31           2  2.36289e+14
          31           4  7.62249e+13
          31           7  3.30171e+13
          31          10  2.11527e+13
          31          12  1.64618e+13
          31          16  1.34755e+13
          31          19  1.13684e+13
          32           1  9.75186e+14
          32           2  1.56454e+14
          32           3  1.10001e+14
          32           4  6.66362e+13
          32           7  2.96129e+13
          32          14  1.79099e+13
          32          16  1.62253e+13
          32          19  1.48869e+13
          32          20  1.42139e+13
          32          24  1.25378e+13
          32          26  1.04002e+13
          33           1  6.16084e+14
          33           2  2.67260e+14
          33           3  1.78206e+14
          33           4  8.28561e+13
          33           5  7.08070e+13
          33          10  3.24195e+13
          33          13  1.63774e+13
          34           1  1.56643e+15
          34           3  3.90915e+13
          34           5  3.43000e+13
          34           6  2.78032e+13
          34           9  2.22255e+13
          34          18  1.14138e+13
          35           1  6.73887e+14
          35           2  2.31166e+14
          35           3  1.53103e+14
          35           7  2.23139e+13
          35           8  1.64649e+13
          35          11  1.50571e+13
          35          12  1.41172e+13
          35          13  1.31540e+13
          35          16  1.27822e+13
          36           1  1.17184e+15
          36           3  6.10372e+13
          36           4  5.70325e+13
          36           5  4.58500e+13
          36           6  3.23184e+13
          36           8  2.34554e+13
          36           9  2.15775e+13
          36          11  1.72788e+13
          36          12  1.63374e+13
          36          13  1.50447e+13
          36          16  1.17495e+13
          36          19  1.09121e+13
          36          21  1.06197e+13
          36          23  1.00051e+13
          37           1  5.88424e+14
          37           2  2.71656e+14
          37           3  8.78330e+13
          37           4  6.31464e+13
          37           7  3.91713e+13
          37          14  1.99249e+13
          37          15  1.79067e+13
          37          16  1.77155e+13
          37          17  1.60415e+13
          37          18  1.51141e+13
          37          19  1.52571e+13
          37          20  1.48671e+13
          37          24  1.16975e+13
          38           1  9.10534e+14
          38           3  1.90366e+14
          38           8  1.81298e+13
          38          14  1.15465e+13
          38          15  1.23001e+13
          39           1  1.38466e+15
          39           3  1.42156e+14
          39           8  4.14496e+13
          39           9  3.35319e+13
          39          11  2.56233e+13
          39          16  1.65398e+13
          39          17  1.49560e+13
          40           1  7.84507e+14
          40           2  1.85520e+14
          40           3  1.22787e+14
          40           4  1.17959e+14
          40           5  7.67711e+13
          40           6  5.89962e+13
          40           8  4.10033e+13
          40          12  2.89968e+13
          40          15  1.69721e+13
          40          18  1.11044e+13
          40          19  1.09887e+13
          41           1  1.54013e+15
          41           2  5.34050e+14
          41           3  5.43235e+13
          41           4  5.60301e+13
          41           6  4.23077e+13
          41           9  3.46039e+13
          41          11  2.93960e+13
          41          13  2.80995e+13
          41          15  2.14665e+13
          41          16  2.19999e+13
          41          20  1.61002e+13
          41          21  1.42568e+13
          41          22  1.53076e+13
          41          26  1.32287e+13
          41          30  1.14474e+13
          41          32  1.12262e+13
          41          36  1.01162e+13
          42           1  1.28233e+15
          42           2  3.52524e+14
          42           4  2.39960e+14
          42           7  1.33493e+14
          42          11  4.43658e+13
          42          12  3.06583e+13
          42          13  2.86812e+13
          42          19  2.08203e+13
          42          20  2.02242e+13
          42          22  1.87962e+13
          42          26  1.37994e+13
          42          32  1.03886e+13
          43           1  8.33476e+14
          43           2  5.38356e+14
          43           4  2.60919e+13
          43           5  1.98254e+13
          43           9  1.64380e+13
          43          11  1.51389e+13
          43          14  1.39675e+13
          43          18  1.10717e+13
          43          19  1.09654e+13
          43          20  1.03005e+13
          44           1  1.49552e+15
          44           7  2.77910e+13
          44           8  2.60622e+13
          44           9  2.29441e+13
          44          11  2.19663e+13
          44          14  1.57703e+13
          44          17  1.48450e+13
          44          20  1.34572e+13
          44          23  1.30575e+13
          44          24  1.26156e+13
          45           1  5.04468e+14
          45           2  2.32646e+14
          45           3  1.83944e+14
          45           4  1.42275e+14
          45           7  1.13134e+14
          45           8  5.41166e+13
          45          10  4.61507e+13
          45          11  4.38545e+13
          45          12  3.31970e+13
          45          14  2.97981e+13
          45          15  2.53307e+13
          45          16  2.54591e+13
          45          20  1.97989e+13
          45          21  1.78288e+13
          45          23  1.84824e+13
          45          26  1.60740e+13
          45          27  1.48619e+13
          45          28  1.45635e+13
          45          31  1.45619e+13
          45          34  1.27253e+13
          45          42  1.10742e+13
          46           1  8.22842e+14
          46           2  4.03873e+14
          46           5  2.99343e+13
          46           6  2.30101e+13
          46          10  1.39297e+13
          46          14  1.16808e+13
          46          15  1.15603e+13
          47           1  1.30694e+15
          47           2  8.75191e+13
          47           3  4.60757e+13
          47           6  3.06569e+13
          47           8  2.81056e+13
          47          10  2.67281e+13
          47          16  1.15438e+13
          48           1  9.02023e+14
          48           2  1.11182e+14
          48           3  1.03394e+14
          48           6  5.37469e+13
          48           7  4.87454e+13
          48           8  4.00697e+13
          48          10  1.98106e+13
          48          12  1.68812e+13
          48          17  1.24289e+13
          48          18  1.18009e+13
          49           1  6.37774e+14
          49           2  2.34140e+14
          49           3  8.18298e+13
          49           7  2.60133e+13
          49           9  2.00540e+13
          49          10  1.92468e+13
          49          12  1.47822e+13
          49          14  1.40368e+13
          49          15  1.34965e+13
          49          16  1.18038e+13
          49          17  1.08818e+13
          49          18  1.04844e+13
          49          19  1.02865e+13
          50           2  9.55692e+14
          50           4  1.43358e+14
          50           5  1.22026e+14
          50          11  4.04883e+13
          50          12  3.43274e+13
          50          14  2.85885e+13
          50          16  2.60507e+13
          50          20  2.18576e+13
          50          21  2.12626e+13
          50          23  2.09112e+13
          50          26  1.85939e+13
          50          27  1.72710e+13
          50          31  1.57488e+13
          50          32  1.61108e+13
          50          34  1.42682e+13
          50          37  1.30292e+13
          50          38  1.31852e+13
          50          41  1.21190e+13
          50          43  1.06237e+13
          50          45  1.01633e+13
          50          48  1.01260e+13
          51           1  5.16096e+14
          51           2  4.65086e+14
          51           5  6.36573e+13
          51           6  5.62443e+13
          51          17  1.35390e+13
          52           1  1.11356e+15
          52           3  5.67814e+13
          52           4  4.97138e+13
          52           5  4.91303e+13
          52          11  1.43688e+13
          52          13  1.10959e+13
          52          14  1.06970e+13
          52          17  1.02531e+13
          53           1  9.53992e+14
          53           2  5.13384e+14
          53           4  1.25907e+14
          53          10  1.64393e+13
          53          16  1.08276e+13
          54           1  1.24345e+15
          54           3  1.37505e+14
          54           7  3.66907e+13
          54           8  3.31930e+13
          54          13  1.65067e+13
          54          16  1.39600e+13
          54          19  1.41430e+13
          54          22  1.24582e+13
          55           1  6.07435e+14
          55           2  3.14626e+14
          55           4  6.42349e+13
          55           5  5.86475e+13
          55           7  2.77417e+13
          55          11  1.58641e+13
          55          13  1.48728e+13
          55          14  1.43723e+13
          55          16  1.46209e+13
          55          17  1.42591e+13
          55          18  1.48466e+13
          55          20  1.29461e+13
          55          21  1.30122e+13
          55          24  1.12239e+13
          56           1  8.33280e+14
          56           2  3.03972e+14
          56           5  2.62756e+13
          56          11  1.15109e+13
          57           1  8.04472e+14
          57           2  2.42755e+14
          57           3  1.14723e+14
          57           6  3.42382e+13
          57           8  2.81373e+13
          57          12  1.33515e+13
          57          13  1.08064e+13
          58           1  1.37283e+15
          58           5  5.17945e+13
          58           6  4.29617e+13
          58           7  3.33392e+13
          58           8  3.08896e+13
          58           9  2.94333e+13
          58          10  2.82746e+13
          58          12  2.30009e+13
          58          13  2.08616e+13
          58          18  1.60219e+13
          58          21  1.44155e+13
          59           1  6.53292e+14
          59           3  1.02722e+14
          59           4  8.85235e+13
          59           5  6.82792e+13
          59           9  3.16155e+13
          59          15  1.98586e+13
          59          17  1.96609e+13
          59          19  1.82036e+13
          59          23  1.42591e+13
          59          25  1.18045e+13
          59          30  1.01879e+13
          60           1  8.56209e+14
          60           4  5.41494e+13
          60           5  5.34601e+13
          60           6  3.28137e+13
          60           8  3.06540e+13
          60           9  2.63764e+13
          60          11  2.31787e+13
          60          17  1.40809e+13
          60          19  1.24187e+13
          60          22  1.17031e+13
          61           1  5.75521e+14
          61           3  3.20863e+14
          61           4  1.59516e+14
          61           8  4.54224e+13
          61          12  3.65351e+13
          61          13  3.61989e+13
          61          17  2.20422e+13
          61          18  2.00713e+13
          61          21  1.78878e+13
          61          22  1.51051e+13
          61          24  1.24966e+13
          62           1  4.41761e+14
          62           2  2.76771e+14
          62           4  9.09931e+13
          62           5  8.60203e+13
          62           7  5.51985e+13
          62           8  5.18756e+13
          62           9  4.71979e+13
          62          10  4.63674e+13
          62          13  2.83744e+13
          62          16  2.44852e+13
          62          17  2.19940e+13
          62          19  2.17849e+13
          62          21  2.12732e+13
          62          22  2.07063e+13
          62          25  1.73612e+13
          62          26  1.66472e+13
          62          28  1.37928e+13
          62          29  1.42018e+13
          62          31  1.11265e+13
          62          33  1.05441e+13
          63           1  9.46539e+14
          63           2  2.38564e+14
          63           4  1.29000e+14
          63           6  5.35628e+13
          63          12  2.19127e+13
          63          15  1.46614e+13
          64           1  9.78764e+14
          64           2  9.34403e+13
          64           3  7.50135e+13
          64           5  3.92306e+13
          64           6  3.01640e+13
          64          11  1.61141e+13
          64          13  1.48124e+13
          64          16  1.30502e+13
          64          21  1.12862e+13
          64          23  1.17482e+13
          64          24  1.06417e+13
          64          25  1.06490e+13
          65           1  3.23146e+14
          65           2  2.18625e+14
          65           7  4.60641e+13
          65           8  4.42209e+13
          65          10  3.38929e+13
          65          13  1.95145e+13
          65          16  1.34220e+13
          65          20  1.02015e+13
          66           1  1.36803e+15
          66           3  4.37493e+13
          66           4  4.22873e+13
          66           6  4.11160e+13
          66           7  3.63463e+13
          66          10  2.47386e+13
          66          12  1.82840e+13
          66          17  1.35792e+13
          67           1  1.06317e+15
          67           2  1.33773e+14
          67           5  1.43352e+13
          67           8  1.03090e+13
          68           1  5.90654e+14
          68           2  4.91611e+14
          68           6  4.45774e+13
          68           7  2.98642e+13
          68          15  1.45565e+13
          68          19  1.17613e+13
          68          21  1.00119e+13
          68          24  1.04111e+13
          69           1  9.56417e+14
          69           2  9.06654e+13
          69           3  7.66734e+13
          69           4  4.78864e+13
          69           7  1.44957e+13
          69          10  1.18729e+13
          69          11  1.02743e+13
          70           1  1.02018e+15
          70           3  1.17049e+14
          70           5  5.56988e+13
          70           8  3.80817e+13
          70           9  2.45698e+13
          70          10  2.27613e+13
          70          11  1.90666e+13
          70          14  1.49740e+13
          70          19  1.29420e+13
          70          20  1.23390e+13
          70          21  1.24090e+13
          70          22  1.18049e+13
          70          23  1.18421e+13
          70          24  1.09995e+13
          71           1  8.64685e+14
          71           4  3.81813e+13
          71           5  3.43842e+13
          71           6  2.92259e+13
          71           8  2.51749e+13
          71           9  2.50781e+13
          71          10  2.36818e+13
          71          11  2.16460e+13
          71          13  2.15702e+13
          71          15  1.78288e+13
          71          18  1.32826e+13
          71          19  1.03458e+13
          72           1  4.02073e+14
          72           2  1.72564e+14
          72           3  1.18270e+14
          72           4  1.14821e+14
          72           6  4.46215e+13
          72           8  4.10666e+13
          72          11  3.28702e+13
          72          12  2.64922e+13
          72          13  1.75915e+13
          72          21  1.01928e+13
          73           1  9.47138e+14
          73           2  3.06687e+14
          73           4  2.60648e+14
          73           7  6.96802e+13
          73           8  6.08305e+13
          73          11  2.46894e+13
          73          13  1.80600e+13
          73          15  1.48892e+13
          73          19  1.28190e+13
          73          20  1.19529e+13
          73          21  1.15977e+13
          73          24  1.06100e+13
          73          25  1.10829e+13
          73          26  1.03869e+13
          73          28  1.01322e+13
          74           1  1.17172e+15
          74           2  1.99871e+14
          74           6  3.79250e+13
          74          10  2.67350e+13
          74          12  1.97950e+13
          74          14  1.29282e+13
          74          16  1.21403e+13
          75           1  4.00776e+14
          75           2  3.23052e+14
          75           4  1.11794e+14
          75           7  6.12845e+13
          75           8  4.54551e+13
          75           9  4.46040e+13
          75          12  3.11734e+13
          75          16  2.51243e+13
          75          19  1.78206e+13
          75          20  1.61856e+13
          75          25  1.41390e+13
          76           1  1.04743e+15
          76           6  5.06150e+13
          76           8  3.31362e+13
          76           9  2.43211e+13
          76          13  1.12944e+13
          76          14  1.04486e+13
          77           1  4.50753e+14
          77           2  3.57867e+14
          77           3  4.23807e+13
          77           6  2.71341e+13
          77           7  2.40958e+13
          77           9  2.07617e+13
          77          11  1.48698e+13
          77          12  1.40741e+13
          77          15  1.27320e+13
          78           1  8.85455e+14
          78           3  1.97756e+14
          78           7  2.33855e+13
          78           9  2.13772e+13
          78          10  1.91226e+13
          78          11  1.59678e+13
          78          12  1.54238e+13
          79           1  7.14781e+14
          79           2  3.10673e+14
          79           4  6.26984e+13
          79           5  3.78475e+13
          79           7  1.98642e+13
          79           8  1.85305e+13
          79           9  1.68973e+13
          79          10  1.79385e+13
          79          15  1.14882e+13
          79          18  1.05278e+13
          80           1  4.25636e+14
          80           3  3.22074e+14
          80           5  5.09547e+13
          80           9  2.77143e+13
          80          13  1.86915e+13
          80          17  1.40857e+13
          80          18  1.26656e+13
          80          20  1.06619e+13
          81           1  1.38235e+15
          81           2  9.44667e+13
          81           7  1.87447e+13
          81           8  1.84562e+13
          81          12  1.66688e+13
          81          13  1.22923e+13
          81          17  1.03789e+13
          82           1  9.76918e+14
          82           3  3.30701e+13
          82           6  2.99200e+13
          82           9  1.87508e+13
          82          11  1.79152e+13
          82          14  1.25100e+13
          82          17  1.10455e+13
          83           1  3.29146e+14
          83           2  2.94245e+14
          83           4  1.23847e+14
          83           6  5.07376e+13
          83          10  2.81185e+13
          83          11  2.59027e+13
          83          14  1.65578e+13
          84           1  7.40597e+14
          84           2  2.38808e+14
          84           3  1.47064e+14
          84           4  1.29846e+14
          84           5  9.89821e+13
          84           8  3.29807e+13
          84          10  3.04021e+13
          84          12  1.78814e+13
          84          14  1.65524e+13
          84          15  1.50807e+13
          84          17  1.24902e+13
          84          18  1.16992e+13
          84          20  1.15451e+13
          84          23  1.03036e+13
          85           1  1.21818e+15
          85           4  7.84434e+13
          85           5  6.64003e+13
          85           7  3.65248e+13
          85          11  2.16900e+13
          85          13  2.03071e+13
          85          14  1.85859e+13
          85          16  1.62596e+13
          85          19  1.17430e+13
          85          20  1.14147e+13
          85          22  1.00350e+13
          86           1  6.28045e+14
          86           2  2.91065e+14
          86           3  7.41842e+13
          86           4  6.45190e+13
          86           7  2.83273e+13
          86           8  2.11031e+13
          86           9  1.97592e+13
          86          12  1.58025e+13
          86          13  1.45915e+13
          86          15  1.34481e+13
          86          17  1.02959e+13
          86          19  1.02047e+13
          87           1  4.77626e+14
          87           2  3.82337e+14
          87           4  8.15836e+13
          87           6  2.76730e+13
          87           8  2.18967e+13
          87          14  1.49247e+13
          87          18  1.10532e+13
          87          19  1.09642e+13
          87          20  1.06710e+13
          87          21  1.01719e+13
          88           1  1.09073e+15
          88           2  4.37239e+13
          88           5  2.59743e+13
          88           6  2.45799e+13
          88           8  2.24488e+13
          88           9  1.89345e+13
          88          13  1.74042e+13
          88          17  1.25617e+13
          88          18  1.21702e+13
          88          20  1.21485e+13
          88          22  1.01395e+13
          89           1  8.29172e+14
          89           3  8.48037e+13
          89           4  7.84913e+13
          89          11  1.61141e+13
          89          15  1.26878e+13
          89          19  1.18307e+13
          90           1  1.14453e+15
          90           2  9.04411e+14
          90          14  2.22466e+13
          90          16  1.94273e+13
          90          18  1.82582e+13
          90          19  1.73391e+13
          90          22  1.53221e+13
          90          25  1.37181e+13
          90          28  1.26790e+13
          90          29  1.22663e+13
          90          30  1.11076e+13
          90          31  1.17807e+13
          91           1  5.96986e+14
          91           2  3.71164e+14
          91           3  1.02349e+14
          91          11  1.49482e+13
          91          15  1.18440e+13
          92           1  1.10505e+15
          92           2  1.18690e+14
          92           3  5.47461e+13
          92           4  4.37773e+13
          92           7  3.20082e+13
          92          10  1.69499e+13
          92          13  1.26533e+13
          92          17  1.01783e+13
          93           1  1.19788e+15
          93           5  3.07474e+13
          93           6  2.82706e+13
          93           7  2.69767e+13
          93           8  2.61531e+13
          93           9  2.46027e+13
          93          16  1.90095e+13
          93          18  1.71385e+13
          93          20  1.36922e+13
          93          21  1.33480e+13
          93          22  1.28786e+13
          93          25  1.12319e+13
          93          26  1.05819e+13
          94           1  4.78324e+14
          94           2  2.21842e+14
          94           3  1.15634e+14
          94           4  8.88039e+13
          94           5  7.73341e+13
          94          11  2.20217e+13
          94          13  1.61530e+13
          95           1  8.66237e+14
          95           2  2.09367e+14
          95           3  1.16226e+14
          95           5  8.65485e+13
          95           8  2.55860e+13
          95           9  2.45907e+13
          95          10  1.90755e+13
          95          13  1.60652e+13
          95          17  1.37839e+13
          95          22  1.03055e+13
          96           1  1.12948e+15
          96           3  3.88944e+13
          96           5  2.55197e+13
          96           6  2.29992e+13
          96           9  1.52290e+13
          96          11  1.33453e+13
          96          12  1.19409e+13
          96          16  1.03527e+13
          97           1  1.16274e+15
          97           2  9.04422e+13
          97           7  2.52806e+13
          97           8  2.44637e+13
          97          15  1.58959e+13
          97          20  1.14008e+13
          97          21  1.11815e+13
          97          23  1.07298e+13
          98           1  7.87367e+14
          98           4  7.33127e+13
          98           7  3.10285e+13
          98          11  1.96499e+13
          98          12  1.72761e+13
          98          13  1.65589e+13
          98          18  1.07535e+13
          98          19  1.01883e+13
          99           1  7.63222e+14
          99           3  6.63904e+13
          99           4  5.45428e+13
          99           5  3.23055e+13
          99           6  2.09296e+13
          99          11  1.43660e+13
          99          13  1.12451e+13
          99          14  1.05605e+13
         100           1  1.00174e+15
         100           2  1.50033e+14
         100           5  1.00006e+14
         100           6  5.22211e+13
         100          13  1.82597e+13
         100          16  1.32299e+13
         100          21  1.28377e+13
         100          22  1.18981e+13
         100          23  1.01927e+13
         101           1  7.05634e+14
         101           2  2.15103e+14
         101           3  1.30647e+14
         101           4  1.00820e+14
         101           6  6.19607e+13
         101           9  2.30357e+13
         101          13  1.79203e+13
         101          14  1.65689e+13
         101          15  1.58608e+13
         101          24  1.01268e+13
         102           1  8.85435e+14
         102           2  1.64141e+14
         102           4  4.89230e+13
         102           6  3.55584e+13
         102          15  1.56341e+13
         102          16  1.12875e+13
         103           1  7.29470e+14
         103           2  5.22094e+14
         103           3  2.27055e+14
         103           4  2.00392e+14
         103           5  1.63641e+14
         103           6  1.31492e+14
         103           7  7.94537e+13
         103           8  7.86368e+13
         103          10  4.69233e+13
         103          11  3.78305e+13
         103          16  1.99584e+13
         103          18  1.54960e+13
         103          21  1.39150e+13
         103          24  1.15947e+13
         103          25  1.22337e+13
         104           1  7.48514e+14
         104           2  4.11193e+14
         104           5  5.73334e+13
         104           6  4.45896e+13
         104           8  2.40874e+13
         104          11  2.00998e+13
         104          12  1.85738e+13
         104          20  1.05087e+13
         104          22  1.00359e+13
         105           1  6.45093e+14
         105           2  2.35062e+14
         105           4  1.18192e+14
         105          13  1.46691e+13
         105          16  1.25819e+13
         105          17  1.07990e+13
         105          18  1.10952e+13
         106           1  5.72760e+14
         106           3  7.17870e+13
         106           6  3.73152e+13
         106          11  2.24591e+13
         106          14  1.61100e+13
         106          16  1.53933e+13
         106          18  1.32747e+13
         106          19  1.25260e+13
         106          22  1.05741e+13
         107           1  5.00776e+14
         107           2  3.70933e+14
         107           3  9.25065e+13
         107           4  9.14614e+13
         107           5  4.20741e+13
         107           6  3.60550e+13
         107           8  3.08192e+13
         108           1  9.83338e+14
         108           2  3.39017e+14
         108           3  1.10279e+14
         108           5  5.86034e+13
         108           7  3.06923e+13
         108          14  1.48130e+13
         108          16  1.32641e+13
         108          18  1.31182e+13
         108          19  1.22680e+13
         108          20  1.13597e+13
         109           1  7.37058e+14
         109           2  3.70611e+14
         109           3  5.10428e+13
         109           6  2.34081e+13
         109          10  1.47071e+13
         109          11  1.41539e+13
         109          13  1.26005e+13
         109          14  1.21657e+13
         110           1  9.90995e+14
         110           3  1.16076e+14
         110           4  7.58539e+13
         110           5  6.38475e+13
         110           6  6.26692e+13
         110           9  1.95372e+13
         110          10  1.86337e+13
         110          13  1.39260e+13
         110          16  1.20622e+13
         110          19  1.03381e+13
         111           1  8.51109e+14
         111           2  1.24585e+14
         111           4  8.72796e+13
         111           5  5.32525e+13
         111           9  3.96511e+13
         111          11  3.59847e+13
         111          16  1.93522e+13
         111          19  1.60611e+13
         111          21  1.50191e+13
         111          25  1.26398e+13
         111          28  1.02546e+13
         112           1  5.53585e+14
         112           2  2.69988e+14
         112           4  6.66836e+13
         112           7  2.91978e+13
         112           9  2.65933e+13
         112          10  2.71230e+13
         112          15  1.61679e+13
         112          18  1.15860e+13
         112          19  1.02683e+13
         112          21  1.01385e+13
         113           1  1.17934e+15
         113           6  4.58403e+13
         113           7  4.08074e+13
         113           9  3.62620e+13
         113          12  2.94065e+13
         113          14  2.40399e+13
         113          15  2.31818e+13
         113          20  1.84843e+13
         113          22  1.66896e+13
         113          26  1.05207e+13
         114           1  7.16564e+14
         114           3  2.25623e+14
         114           4  1.65972e+14
         114           7  4.52376e+13
         114          11  2.53895e+13
         114          16  1.71521e+13
         114          23  1.14113e+13
         114          24  1.15444e+13
         115           1  5.60334e+14
         115           5  6.14566e+13
         115           8  3.36144e+13
         115          14  2.26778e+13
         115          15  1.87705e+13
         115          17  1.74540e+13
         115          20  1.48301e+13
         115          24  1.06053e+13
         116           1  6.88497e+14
         116           2  7.75887e+13
         116           3  5.58002e+13
         116           4  5.49436e+13
         116           6  5.05687e+13
         116           9  2.26257e+13
         116          10  2.24137e+13
         116          12  1.64544e+13
         116          16  1.45224e+13
         117           1  4.24406e+14
         117           2  3.51619e+14
         117           3  6.13742e+13
         117           6  4.29042e+13
         117           7  2.63781e+13
         117           8  1.38262e+13
         117           9  1.11699e+13
         117          10  1.08429e+13
         117          12  1.04380e+13
         118           1  3.11529e+14
         118           2  2.29376e+14
         118           3  1.38930e+14
         118           6  2.94173e+13
         118           7  2.95181e+13
         118           8  2.79449e+13
         118          17  1.19238e+13
         118          19  1.11955e+13
         118          20  1.05620e+13
         119           1  4.77253e+14
         119           2  2.45519e+14
         119           3  1.72891e+14
         119           6  4.01427e+13
         119           8  3.81474e+13
         119           9  3.46474e+13
         119          12  2.70327e+13
         119          13  2.15081e+13
         119          15  2.12571e+13
         119          18  1.56999e+13
         119          19  1.51140e+13
         119          24  1.21307e+13
         120           1  9.16358e+14
         120           2  6.24441e+13
         120           4  3.43360e+13
         120           6  3.47052e+13
         120          10  2.02037e+13
         120          12  1.86579e+13
         120          15  1.43934e+13
         120          20  1.00849e+13
         121           1  1.05780e+15
         121           2  3.54964e+13
         121           3  3.06675e+13
         121           4  2.43888e+13
         121           7  1.44949e+13
         121           8  1.39095e+13
         121           9  1.35638e+13
         121          10  1.28323e+13
         122           1  9.09004e+14
         122           2  1.90533e+14
         122           7  4.10073e+13
         122           8  3.76595e+13
         122          10  3.14785e+13
         122          13  2.46678e+13
         122          22  1.38777e+13
         123           1  8.80509e+14
         123           2  1.19640e+14
         123           4  1.01296e+14
         123           6  1.95879e+13
         123           8  1.68624e+13
         123          11  1.50754e+13
         123          12  1.48888e+13
         123          17  1.23982e+13
         123          18  1.19483e+13
         123          20  1.07758e+13
         124           1  7.44268e+14
         124           3  9.19676e+13
         124           4  8.35940e+13
         124           5  4.76555e+13
         124           7  4.40949e+13
         124          11  2.44088e+13
         124          14  1.75557e+13
         124          21  1.08571e+13
         125           1  7.20658e+14
         125           4  5.47580e+13
         125           5  3.89759e+13
         125           6  3.75659e+13
         125           7  3.24040e+13
         125          11  1.78984e+13
         125          13  1.50200e+13
         125          17  1.29889e+13
         125          20  1.09431e+13
         125          22  1.10240e+13
         125          24  1.08006e+13
         126           1  1.10312e+15
         126           2  4.45378e+13
         126           6  1.83461e+13
         126           7  1.84879e+13
         126           9  1.81173e+13
         126          10  1.71103e+13
         127           1  8.53023e+14
         127           3  1.49003e+14
         127           7  3.74446e+13
         127           8  3.84339e+13
         127          11  2.95711e+13
         127          12  2.56707e+13
         127          14  1.56220e+13
         127          15  1.50264e+13
         127          18  1.03765e+13
         127          19  1.07741e+13
         128           1  1.23136e+15
         128           2  7.42128e+13
         128           4  5.60299e+13
         128          11  1.30844e+13
         128          12  1.34074e+13
         129           1  9.52019e+14
         129           3  3.89939e+13
         129           5  3.64170e+13
         129           6  3.06812e+13
         129          11  1.36801e+13
         129          15  1.04085e+13
         130           1  9.52079e+14
         130           4  3.09792e+13
         130           8  2.56699e+13
         130           9  2.42967e+13
         130          11  1.50077e+13
         130          15  1.45506e+13
         130          18  1.24572e+13
         130          19  1.22728e+13
         131           1  7.89767e+14
         131           2  2.21397e+14
         131           3  1.36609e+14
         131           7  4.72780e+13
         131           9  2.76066e+13
         131          10  2.64506e+13
         131          13  1.71213e+13
         132           1  1.07275e+15
         132           2  1.28637e+14
         132           4  4.83660e+13
         132           5  2.95601e+13
         132          10  1.90325e+13
         132          11  1.84131e+13
         132          12  1.42541e+13
         132          13  1.39682e+13
         132          17  1.15518e+13
         132          18  1.14220e+13
         132          22  1.01269e+13
         133           1  1.14567e+15
         133           2  8.99551e+14
         133          14  2.32618e+13
         133          20  1.72085e+13
         133          22  1.54097e+13
         133          23  1.35083e+13
         133          25  1.28113e+13
         133          26  1.22184e+13
         133          29  1.13870e+13
         133          32  1.22199e+13
         133          35  1.03869e+13
         133          36  1.00980e+13
         134           1  6.57316e+14
         134           3  7.61973e+13
         134           4  5.26286e+13
         134           6  2.76324e+13
         134           7  2.09862e+13
         134           8  2.08018e+13
         134           9  1.90423e+13
         134          10  1.86386e+13
         134          12  1.35730e+13
         134          13  1.35935e+13
         134          14  1.32635e+13
         135           1  3.71951e+14
         135           2  3.05766e+14
         135           3  1.41928e+14
         135          10  2.75511e+13
         135          17  1.13927e+13
         136           1  8.49510e+14
         136           4  3.71961e+13
         136           9  1.57210e+13
         136          10  1.21122e+13
         136          12  1.17383e+13
         137           1  9.35288e+14
         137           3  3.12596e+14
         137           4  1.26274e+14
         137           5  8.08721e+13
         137          13  2.10961e+13
         137          15  1.46296e+13
         137          21  1.09962e+13
         137          23  1.01648e+13
         138           1  4.86299e+14
         138           2  2.49396e+14
         138           3  1.08990e+14
         138           5  7.59200e+13
         138           6  4.53688e+13
         138          10  4.33303e+13
         138          13  1.97414e+13
         138          16  1.77175e+13
         138          20  1.03520e+13
         139           1  4.65324e+14
         139           2  2.17825e+14
         139           3  1.71673e+14
         139           4  5.12308e+13
         139           5  3.42975e+13
         139           8  1.80138e+13
         139          11  1.05466e+13
         140           1  1.14535e+15
         140           3  2.23420e+14
         140           4  4.55362e+13
         140           6  3.14970e+13
         140           8  2.34686e+13
         140          13  1.36464e+13
         140          15  1.21144e+13
         140          16  1.07202e+13
         140          19  1.00786e+13
         141           1  1.11320e+15
         141           2  6.44344e+13
         141           7  2.29516e+13
         141          14  1.12931e+13
         142           1  4.75249e+14
         142           2  3.06799e+14
         142           3  1.84524e+14
         142           5  1.14100e+14
         142           8  4.37480e+13
         142          10  3.80787e+13
         142          11  3.72241e+13
         142          15  2.79859e+13
         142          18  2.37590e+13
         142          20  2.05487e+13
         142          24  1.82346e+13
         142          25  1.77984e+13
         142          26  1.57010e+13
         143           1  8.70728e+14
         143           3  4.48261e+13
         143           5  2.93315e+13
         143           6  2.59512e+13
         143           7  1.63018e+13
         143           9  1.53323e+13
         143          11  1.39158e+13
         144           1  6.35623e+14
         144           2  1.93357e+14
         144           5  3.44300e+13
         144           6  2.30311e+13
         144           7  1.56648e+13
         144           9  1.34023e+13
         144          11  1.20585e+13
         144          13  1.06347e+13
         145           1  6.16544e+14
         145           2  1.72721e+14
         145          10  2.07000e+13
         145          11  1.97574e+13
         145          12  1.68623e+13
         145          16  1.24152e+13
         145          17  1.14903e+13
         146           1  4.87070e+14
         146           3  1.79929e+14
         146           4  5.49216e+13
         146           5  3.60123e+13
         146           7  2.37723e+13
         146           8  1.89926e+13
         146          11  1.60089e+13
         146          13  1.39620e+13
         146          14  1.32264e+13
         146          16  1.22616e+13
         146          20  1.07443e+13
         147           1  8.27556e+14
         147           2  2.14870e+14
         147           3  1.33036e+14
         147           4  6.98537e+13
         148           1  5.13526e+14
         148           3  1.33931e+14
         148           5  6.11937e+13
         148           7  5.40825e+13
         148           8  4.32876e+13
         148           9  3.89934e+13
         148          11  3.31332e+13
         148          12  3.25302e+13
         148          16  2.19724e+13
         148          20  1.88133e+13
         148          23  1.38223e+13
         148          25  1.28839e+13
         148          26  1.26170e+13
         148          27  1.17197e+13
         148          29  1.13100e+13
         148          30  1.04905e+13
         148          32  1.01893e+13
         148          33  1.00048e+13
         149           1  9.53502e+14
         149           4  5.08360e+13
         149           7  3.93493e+13
         149           9  3.53063e+13
         149          10  3.16784e+13
         149          15  1.83720e+13
         149          21  1.04423e+13
         150           1  1.13464e+15
         150           6  2.67719e+13
         150           7  2.66048e+13
         150           8  2.17314e+13
         150          11  2.03764e+13
         150          13  1.14996e+13
         150          17  1.02097e+13
         150          19  1.01815e+13
         151           1  8.29467e+14
         151           4  4.14901e+13
         151           8  2.27523e+13
         151          10  2.09207e+13
         151          11  2.20779e+13
         151          13  1.88254e+13
         151          14  1.66768e+13
         151          17  1.26664e+13
         151          19  1.10930e+13
         151          22  1.00864e+13
         152           1  4.70621e+14
         152           2  2.86386e+14
         152           4  5.35019e+13
         152           9  2.75825e+13
         152          14  1.24646e+13
         152          17  1.25508e+13
         152          22  1.00528e+13
         153           1  8.54178e+14
         153           2  9.79463e+13
         153           3  9.21777e+13
         153           7  4.44645e+13
         153          11  3.05868e+13
         153          13  2.34338e+13
         153          14  1.90571e+13
         153          15  1.82553e+13
         153          17  1.74666e+13
         154           1  7.40735e+14
         154           4  6.35831e+13
         154           8  2.66026e+13
         154           9  1.91799e+13
         154          11  1.42626e+13
         154          17  1.00722e+13
         155           1  7.51003e+14
         155           3  1.21884e+14
         155           5  5.54203e+13
         155           6  4.93447e+13
         155           7  3.68880e+13
         155          24  1.21656e+13
         155          26  1.17715e+13
         155          27  1.14334e+13
         155          28  1.07514e+13
         156           1  9.87259e+14
         156           2  4.70284e+13
         156           4  3.16980e+13
         156           8  2.13896e+13
         156           9  2.13653e+13
         156          11  1.94445e+13
         156          12  1.46876e+13
         156          13  1.17734e+13
         156          14  1.13503e+13
         157           1  7.58483e+14
         157           2  5.21148e+14
         157           6  5.61739e+13
         157           7  4.90974e+13
         157           8  3.01483e+13
         157          10  2.47194e+13
         157          11  2.10061e+13
         157          16  1.71592e+13
         157          17  1.49427e+13
         157          18  1.43842e+13
         157          19  1.43453e+13
         157          24  1.34527e+13
         157          25  1.35662e+13
         158           1  5.67448e+14
         158           2  1.72729e+14
         158           3  1.71141e+14
         158           6  1.92253e+13
         158           9  1.52243e+13
         158          13  1.08277e+13
         158          16  1.07039e+13
         159           1  3.82031e+14
         159           2  2.79582e+14
         159           3  1.26926e+14
         159           4  7.69912e+13
         159           8  2.28264e+13
         159          10  1.73210e+13
         159          12  1.76004e+13
         159          15  1.33135e+13
         159          16  1.35307e+13
         160           1  7.07507e+14
         160           2  1.21563e+14
         160           4  5.91351e+13
         160           5  5.32148e+13
         160           9  1.89962e+13
         160          11  1.78780e+13
         160          13  1.58509e+13
         160          14  1.48854e+13
         160          16  1.47783e+13
         160          18  1.24655e+13
         161           1  8.02186e+14
         161           3  9.94234e+13
         161           5  9.10806e+13
         161           7  3.90729e+13
         161          10  2.22605e+13
         161          13  1.56714e+13
         161          18  1.12625e+13
         162           1  6.40275e+14
         162           2  1.95215e+14
         162           3  6.79679e+13
         162           6  3.58879e+13
         162           7  3.05257e+13
         162          14  1.71884e+13
         162          17  1.28187e+13
         162          22  1.12816e+13
         162          23  1.09522e+13
         162          26  1.00228e+13
         163           1  1.08373e+15
         163           2  4.38572e+13
         163           3  4.06779e+13
         163           7  2.22938e+13
         163          10  2.11234e+13
         163          12  1.85628e+13
         163          13  1.71589e+13
         164           1  4.67138e+14
         164           2  2.82742e+14
         164           5  5.13278e+13
         164           8  1.81029e+13
         164          10  1.44253e+13
         164          11  1.13273e+13
         164          14  1.08605e+13
         164          17  1.02331e+13
         165           1  7.54477e+14
         165           3  9.07381e+13
         165           5  4.06529e+13
         165           6  3.59666e+13
         165          10  2.04663e+13
         165          11  1.84093e+13
         165          12  1.65993e+13
         165          15  1.54649e+13
         165          16  1.53308e+13
         165          20  1.29711e+13
         165          21  1.19891e+13
         166           1  8.11491e+14
         166           2  4.54794e+14
         166           3  2.27512e+14
         166           4  1.94987e+14
         166           6  8.79791e+13
         166           8  6.34250e+13
         166           9  5.73980e+13
         166          12  3.73969e+13
         166          13  3.71949e+13
         166          17  3.00174e+13
         166          18  2.78540e+13
         166          23  2.02779e+13
         166          24  1.99569e+13
         166          29  1.68311e+13
         166          30  1.36014e+13
         166          31  1.50757e+13
         166          38  1.17838e+13
         167           1  1.05429e+15
         167           2  1.84383e+14
         167           4  7.97940e+13
         167           6  3.13144e+13
         167           7  2.97315e+13
         167           8  2.80364e+13
         168           1  8.52130e+14
         168           2  6.29825e+13
         168           5  3.50694e+13
         168           8  1.67486e+13
         168           9  1.32328e+13
         168          11  1.26515e+13
         168          12  1.18323e+13
         169           1  4.61620e+14
         169           2  3.11315e+14
         169           3  2.63196e+14
         169           4  1.30939e+14
         169           7  5.56280e+13
         169           8  4.33958e+13
         169          14  1.63391e+13
         169          16  1.57822e+13
         169          17  1.51095e+13
         169          18  1.45416e+13
         169          19  1.49742e+13
         169          22  1.09844e+13
         170           1  1.02653e+15
         170           2  3.31093e+14
         170           4  2.48421e+13
         170           6  2.02789e+13
         170           7  1.99376e+13
         170           9  1.63708e+13
         170          11  1.44837e+13
         170          13  1.39330e+13
         171           1  4.62773e+14
         171           2  1.74839e+14
         171           3  6.62361e+13
         171           6  3.12254e+13
         171           7  2.73256e+13
         171           8  2.60232e+13
         171           9  2.32204e+13
         171          12  2.04286e+13
         171          16  1.54022e+13
         171          17  1.52575e+13
         171          19  1.35121e+13
         171          21  1.19307e+13
         171          23  1.17760e+13
         171          26  1.01060e+13
         172           1  7.30192e+14
         172           2  7.45729e+13
         172           3  3.32350e+13
         173           1  4.49719e+14
         173           2  2.14588e+14
         173           3  1.17804e+14
         173           4  7.92774e+13
         173           5  4.46452e+13
         173           6  3.07335e+13
         173           8  2.07933e+13
         173           9  1.65186e+13
         173          14  1.02703e+13
         173          15  1.01876e+13
         173          16  1.00775e+13
         174           1  8.88338e+14
         174           2  7.12364e+13
         174           4  4.61174e+13
         174           6  2.57412e+13
         174          10  1.62038e+13
         174          13  1.13225e+13
         175           1  1.01870e+15
         175           6  5.69624e+13
         175           7  3.10918e+13
         175          11  1.84738e+13
         175          12  1.74377e+13
         175          15  1.49910e+13
         175          16  1.38936e+13
         176           1  8.01804e+14
         176           2  6.08924e+13
         176           6  2.39724e+13
         176           9  2.08986e+13
         176          11  1.78307e+13
         176          13  1.29782e+13
         176          16  1.24213e+13
         177           1  8.59916e+14
         177           2  2.00196e+14
         177           3  1.29516e+14
         177           5  6.31394e+13
         177           6  4.66849e+13
         177           7  3.71373e+13
         177          12  1.57711e+13
         177          19  1.16113e+13
         178           1  5.33233e+14
         178           2  3.60849e+14
         178           6  4.81915e+13
         178          16  1.00881e+13
         179           1  9.63672e+14
         179           3  4.08686e+13
         179           8  2.64091e+13
         179          10  1.83733e+13
         179          11  1.39650e+13
         179          12  1.18809e+13
         180           1  5.02287e+14
         180           2  2.51245e+14
         180           3  9.34737e+13
         180           6  4.74331e+13
         180           7  4.47387e+13
         180           8  4.44888e+13
         180          10  3.84837e+13
         180          11  3.07842e+13
         180          12  2.97821e+13
         180          17  1.43072e+13
         180          18  1.36965e+13
         180          22  1.09920e+13
         181           1  6.00191e+14
         181           2  9.88059e+13
         181           3  9.74813e+13
         181           6  5.42819e+13
         181           8  3.29792e+13
         181           9  2.91395e+13
         181          11  2.28817e+13
         181          13  1.34283e+13
         181          16  1.00980e+13
         182           1  9.55620e+14
         182           4  3.51548e+13
         182           5  2.75913e+13
         182           8  1.86852e+13
         182           9  1.49534e+13
         182          10  1.49098e+13
         183           1  5.97956e+14
         183           2  2.25166e+14
         183           6  3.84062e+13
         183           7  3.54876e+13
         183           9  3.02803e+13
         183          11  2.36707e+13
         183          12  2.23829e+13
         183          13  1.67903e+13
         183          16  1.59562e+13
         183          21  1.27154e+13
         184           1  7.38105e+14
         184           2  5.41333e+14
         184           3  7.24065e+13
         184           5  6.41428e+13
         184           7  3.38666e+13
         184          12  1.99863e+13
         184          13  1.96221e+13
         184          18  1.25024e+13
         184          20  1.12761e+13
         185           1  5.16279e+14
         185           3  3.60872e+13
         185           4  3.42192e+13
         185          14  1.38588e+13
         185          15  1.28052e+13
         186           1  7.64228e+14
         186           2  9.35605e+13
         186           5  3.31564e+13
         186           6  2.89731e+13
         186           8  2.40871e+13
         186           9  1.64339e+13
         186          11  1.47126e+13
         186          13  1.21342e+13
         186          14  1.14050e+13
         186          15  1.17737e+13
         186          18  1.01279e+13
         187           1  9.63309e+14
         187           6  2.19962e+13
         187           9  1.56538e+13
         187          12  1.39101e+13
         187          13  1.22877e+13
         188           1  4.52259e+14
         188           2  2.63650e+14
         188           3  1.01402e+14
         188           4  6.74516e+13
         188           6  5.92385e+13
         188           7  3.97658e+13
         188           9  3.21097e+13
         188          13  1.72042e+13
         188          14  1.52561e+13
         188          17  1.32388e+13
         188          19  1.23122e+13
         189           1  4.99406e+14
         189           3  1.01402e+14
         189           4  6.19585e+13
         189           5  5.91353e+13
         189           6  4.08641e+13
         189           7  2.67476e+13
         189           9  2.17799e+13
         189          13  1.64791e+13
         189          14  1.46447e+13
         189          21  1.03759e+13
         190           1  4.24889e+14
         190           2  4.05753e+14
         190           3  1.40363e+14
         190           5  3.66299e+13
         190           6  2.71410e+13
         190           8  1.78191e+13
         190           9  1.66953e+13
         190          14  1.15139e+13
         190          15  1.07382e+13
         191           1  5.34672e+14
         191           2  1.15391e+14
         191           3  6.82951e+13
         191           4  5.10096e+13
         191           6  1.88259e+13
         191           8  1.45109e+13
         191           9  1.47696e+13
         191          10  1.41102e+13
         191          11  1.34628e+13
         191          12  1.35034e+13
         191          16  1.05247e+13
         192           1  6.05070e+14
         192           3  1.03758e+14
         192           4  7.82244e+13
         192           5  6.99103e+13
         192           8  2.52451e+13
         192          10  2.34785e+13
         192          11  1.41317e+13
         192          12  1.50756e+13
         192          14  1.06554e+13
         193           1  9.78698e+14
         193           7  3.88303e+13
         193          12  2.40749e+13
         193          14  2.23506e+13
         193          19  1.35968e+13
         193          20  1.30179e+13
         193          21  1.14765e+13
         194           1  9.57736e+14
         194           2  2.08330e+14
         194           4  6.39842e+13
         194           5  4.80124e+13
         194           6  3.71623e+13
         194           7  3.03629e+13
         194          14  1.79031e+13
         194          17  1.11736e+13
         194          19  1.05337e+13
         194          20  1.02581e+13
         195           1  5.37168e+14
         195           2  2.21896e+14
         195           6  3.48784e+13
         195           8  2.85020e+13
         195          10  2.61532e+13
         195          13  2.38115e+13
         195          15  1.48428e+13
         195          17  1.43201e+13
         195          20  1.24048e+13
         195          24  1.01380e+13
         196           1  4.29307e+14
         196           2  2.31003e+14
         196           5  2.87423e+13
         196           8  1.81779e+13
         196           9  1.82325e+13
         197           1  2.26378e+14
         197           2  1.43254e+14
         197           3  1.13735e+14
         197           5  8.80343e+13
         197           6  7.46875e+13
         197           7  7.34554e+13
         197           8  3.74737e+13
         197          10  2.84752e+13
         197          12  2.41796e+13
         197          16  1.68461e+13
         197          17  1.67936e+13
         197          18  1.67469e+13
         198           1  3.89726e+14
         198           2  2.14381e+14
         198           5  3.97975e+13
         198           6  3.80127e+13
         198           7  3.82442e+13
         198          10  1.91555e+13
         198          11  1.85210e+13
         198          13  1.28730e+13
         199           1  5.39578e+14
         199           2  2.59521e+14
         199           3  9.09065e+13
         199           5  4.01159e+13
         199          14  1.05829e+13
         200           2  4.39561e+14
         200           3  1.64183e+14
         200           5  8.66296e+13
         200           6  5.67291e+13
         200           7  5.25540e+13
         200          11  4.03876e+13
         200          12  3.50725e+13
         200          15  2.98418e+13
         200          16  2.74977e+13
         200          22  1.65786e+13
         200          24  1.47540e+13
         200          29  1.03470e+13
         201           1  5.87531e+14
         201           2  1.17798e+14
         201           3  1.17793e+14
         201           4  7.74878e+13
         201          10  1.50688e+13
         201          12  1.50085e+13
         202           1  7.83220e+14
         202           2  1.00357e+14
         202           5  4.01451e+13
         202           6  3.13913e+13
         202          11  1.54265e+13
         202          12  1.49989e+13
         202          14  1.26526e+13
         203           1  9.67881e+14
         203           4  2.26253e+13
         203           5  2.38105e+13
         203           6  1.63461e+13
         204           1  3.82276e+14
         204           2  1.97751e+14
         204           4  5.62542e+13
         204           5  4.36776e+13
         204           9  2.08196e+13
         204          14  1.23241e+13
         204          15  1.18326e+13
         204          17  1.02048e+13
         205           1  8.72920e+14
         205           2  5.49571e+14
         205           3  1.33935e+14
         205           5  8.79186e+13
         205           6  7.97950e+13
         205           8  4.03357e+13
         205          13  2.00870e+13
         205          16  1.30172e+13
         205          18  1.13466e+13
         206           1  7.88236e+14
         206           2  3.11743e+14
         206           3  1.84563e+14
         206           4  9.78959e+13
         206           7  3.37581e+13
         206          10  2.61328e+13
         206          11  2.14707e+13
         206          13  2.03286e+13
         206          18  1.23497e+13
         206          19  1.01536e+13
         206          22  1.00620e+13
         207           1  7.64326e+14
         207           2  7.04377e+13
         207           3  3.69180e+13
         207           6  2.40123e+13
         207          13  1.10561e+13
         208           1  1.04602e+15
         208           2  1.00984e+14
         208           3  6.60195e+13
         208           5  3.97200e+13
         208          13  1.19082e+13
         209           1  8.22048e+14
         209           2  9.47814e+13
         209           3  4.63600e+13
         209           6  1.71202e+13
         209           9  1.50037e+13
         210           1  7.20911e+14
         210           3  7.71431e+13
         210           4  6.95891e+13
         210           5  6.28422e+13
         210           7  4.26397e+13
         210           8  2.71304e+13
         210           9  2.17648e+13
         210          10  2.17241e+13
         210          12  1.82551e+13
         210          14  1.54757e+13
         210          16  1.34758e+13
         210          18  1.31763e+13
         210          20  1.32155e+13
         211           1  9.01231e+14
         211           2  7.44785e+13
         211           3  6.16612e+13
         211           7  3.07906e+13
         211           8  2.97059e+13
         211           9  3.05329e+13
         211          11  2.15690e+13
         211          12  1.85600e+13
         211          15  1.56630e+13
         211          16  1.38609e+13
         212           1  4.45806e+14
         212           2  1.73205e+14
         212           3  8.37410e+13
         212           4  5.54840e+13
         212           5  4.21324e+13
         212           9  1.84441e+13
         212          11  1.21536e+13
         213           1  4.96293e+14
         213           2  9.12456e+13
         213           3  9.03151e+13
         213           4  7.13725e+13
         213           5  5.82136e+13
         213           9  2.64526e+13
         213          18  1.01619e+13
         214           1  6.19225e+14
         214           2  2.59258e+14
         214           3  5.85368e+13
         214           5  2.18421e+13
         214          10  1.41388e+13
         214          11  1.16999e+13
         215           1  4.18629e+14
         215           2  1.66848e+14
         215           3  9.59630e+13
         215           4  8.83097e+13
         215           6  6.28313e+13
         215           7  4.29511e+13
         215           8  3.90747e+13
         215           9  2.30891e+13
         215          11  2.09181e+13
         215          15  1.59522e+13
         215          16  1.34304e+13
         215          19  1.12994e+13
         216           1  5.09651e+14
         216           2  3.75513e+14
         216           6  1.41679e+13
         217           1  6.24342e+14
         217           2  1.95116e+14
         217           3  1.79088e+14
         217           5  2.94613e+13
         218           1  8.00352e+14
         218           3  1.05715e+14
         218           6  2.86595e+13
         218           8  2.37318e+13
         218          10  1.31376e+13
         218          11  1.31746e+13
         218          15  1.11495e+13
         218          16  1.03755e+13
         219           1  7.67784e+14
         219           2  8.32679e+13
         219           3  8.35072e+13
         219           4  4.44766e+13
         219           5  3.31353e+13
         219           9  1.93619e+13
         219          11  1.74958e+13
         219          12  1.69149e+13
         219          14  1.27543e+13
         219          17  1.21109e+13
         219          21  1.03143e+13
         219          23  1.05182e+13
         220           1  6.77469e+14
         220           2  8.91775e+13
         220           3  8.94317e+13
         220           5  3.35254e+13
         220           6  2.44038e+13
         220           9  2.23660e+13
         220          23  1.08004e+13
         220          26  1.00195e+13
         221           1  4.02036e+14
         221           2  2.43629e+14
         221           3  8.25786e+13
         221           4  7.36083e+13
         221           6  2.92599e+13
         221           7  2.77439e+13
         221           8  1.98571e+13
         221           9  1.58672e+13
         221          11  1.50640e+13
         221          12  1.52243e+13
         221          13  1.13845e+13
         221          14  1.10566e+13
         222           1  7.50356e+14
         222          10  1.56997e+13
         222          13  1.04063e+13
         223           1  9.03940e+14
         223           5  2.32871e+13
         223           6  2.24545e+13
         223           7  2.14154e+13
         224           2  2.18052e+14
         224           3  1.44741e+14
         224           4  1.05421e+14
         224           5  7.44754e+13
         224           7  5.47502e+13
         224           9  4.52599e+13
         224          10  4.27378e+13
         224          11  3.35465e+13
         224          12  3.25802e+13
         224          13  2.81702e+13
         224          14  2.21544e+13
         225           1  7.65726e+14
         225           2  2.25992e+14
         225           3  9.38999e+13
         225           4  4.90045e+13
         225           6  3.62340e+13
         225           8  2.02930e+13
         225          10  1.52010e+13
         225          11  1.40047e+13
         225          13  1.39019e+13
         225          14  1.42311e+13
         225          16  1.17672e+13
         225          18  1.11807e+13
         226           1  5.86413e+14
         226           3  1.40491e+14
         226           4  1.33848e+14
         226           5  3.83841e+13
         226          11  1.04044e+13
         226          12  1.07380e+13
         226          13  1.06421e+13
         227           1  6.43657e+14
         227           4  2.47667e+13
         227           6  1.89180e+13
         228           1  4.15418e+14
         228           2  2.49117e+14
         228           3  1.14225e+14
         228           4  5.12431e+13
         228           5  4.87484e+13
         228           6  4.34306e+13
         228           9  3.38556e+13
         228          19  1.38694e+13
         228          20  1.44349e+13
         228          22  1.28973e+13
         228          23  1.18711e+13
         229           1  8.20547e+14
         229           2  3.96059e+13
         229           7  2.55835e+13
         229           9  2.20151e+13
         229          11  1.97753e+13
         229          12  1.57240e+13
         229          15  1.36836e+13
         229          17  1.33628e+13
         229          19  1.09374e+13
         230           1  8.47065e+14
         230           3  5.28432e+13
         230           8  3.00930e+13
         230          10  1.24266e+13
         230          13  1.04112e+13
         231           1  4.32217e+14
         231           2  4.20728e+14
         231           3  3.52948e+14
         231           4  1.12888e+14
         231           7  2.66315e+13
         231           8  2.23099e+13
         231          15  1.56949e+13
         231          17  1.50030e+13
         231          19  1.22675e+13
         231          25  1.11130e+13
         231          29  1.07192e+13
         231          30  1.10366e+13
         231          31  1.01814e+13
         232           1  2.82666e+14
         232           2  2.42190e+14
         232           3  1.74163e+14
         232           4  1.12471e+14
         232           6  4.86723e+13
         232           7  4.35840e+13
         232          11  1.73493e+13
         232          15  1.01455e+13
         232          16  1.04286e+13
         233           1  6.54685e+14
         233           2  1.37733e+14
         233           3  1.09964e+14
         233           4  5.41354e+13
         233           5  4.09448e+13
         233           7  3.43709e+13
         233           8  3.29415e+13
         233          10  2.58819e+13
         233          15  1.72439e+13
         233          16  1.41258e+13
         233          20  1.26516e+13
         233          21  1.24618e+13
         233          25  1.08831e+13
         234           1  6.20616e+14
         234           2  1.69595e+14
         234           3  1.47951e+13
         234           5  1.36619e+13
         234           6  1.36782e+13
         235           1  3.73618e+14
         235           3  1.53360e+14
         235           4  1.46894e+14
         235           5  6.64108e+13
         235           9  3.32481e+13
         235          15  1.38660e+13
         235          19  1.14651e+13
         235          20  1.11462e+13
         235          21  1.06657e+13
         236           1  7.16801e+14
         236           5  3.54704e+13
         236           6  2.43600e+13
         236           7  2.04699e+13
         236          11  1.60880e+13
         236          14  1.13468e+13
         236          15  1.05923e+13
         236          17  1.04565e+13
         237           1  3.65044e+14
         237           2  1.51850e+14
         237           3  6.87332e+13
         237           4  5.63261e+13
         237           6  3.86838e+13
         237           7  2.54813e+13
         237          12  1.42963e+13
         237          16  1.00178e+13
         237          17  1.03992e+13
         238           1  8.19187e+14
         238           3  4.80848e+13
         238           5  2.46838e+13
         238           7  2.14192e+13
         238          11  1.45895e+13
         239           1  5.91897e+14
         239           3  7.76096e+13
         239           4  2.93853e+13
         239           5  2.75916e+13
         239           6  2.48307e+13
         239           7  2.41315e+13
         239          13  1.44221e+13
         239          15  1.09314e+13
         240           1  8.94154e+14
         240           2  1.87637e+14
         240           3  8.61977e+13
         240           4  8.32579e+13
         240          11  2.15773e+13
         240          15  1.65803e+13
         240          17  1.59574e+13
         240          19  1.28690e+13
         240          24  1.12253e+13
         241           1  5.52314e+14
         241           2  1.22999e+14
         241           3  1.06659e+14
         241           4  3.45863e+13
         241           5  3.19479e+13
         241           6  2.58747e+13
         242           1  6.54646e+14
         242           3  1.06923e+14
         242           9  2.93144e+13
         242          11  2.16888e+13
         242          14  1.28626e+13
         242          15  1.26477e+13
         242          18  1.01276e+13
         242          20  1.11331e+13
         243           1  4.83913e+14
         243           2  1.34864e+14
         243           3  9.75854e+13
         243           5  2.91398e+13
         243           9  1.44772e+13
         243          11  1.24595e+13
         244           1  5.84321e+14
         244           2  2.08240e+14
         244           6  3.88904e+13
         244           7  3.23872e+13
         244          11  1.11502e+13
         244          13  1.09704e+13
         245           1  4.26915e+14
         245           2  2.50012e+14
         245           3  1.47853e+14
         245           4  1.18849e+14
         245           5  1.05021e+14
         245           7  8.24271e+13
         245           8  7.48769e+13
         245           9  4.38775e+13
         245          10  4.36618e+13
         245          11  4.15658e+13
         245          13  2.95812e+13
         245          15  2.22128e+13
         245          20  1.62290e+13
         245          21  1.64685e+13
         245          24  1.59450e+13
         245          25  1.55706e+13
         245          27  1.40173e+13
         245          32  1.04447e+13
         245          33  1.01692e+13
         246           1  8.12663e+14
         246           4  5.28493e+13
         247           1  9.48053e+14
         247           5  3.39710e+13
         247          11  1.09656e+13
         248           1  2.06288e+14
         248           2  1.96833e+14
         248           3  1.40947e+14
         248           5  1.11375e+14
         248           6  7.11004e+13
         248          19  1.02730e+13
         249           1  3.22422e+14
         249           2  1.60962e+14
         249           3  8.66334e+13
         249           4  6.10234e+13
         249           5  4.63404e+13
         249           6  1.83281e+13
         249           9  1.69432e+13
         249          11  1.64094e+13
         249          13  1.33593e+13
         250           1  8.26440e+14
         250           2  1.06657e+14
         250           5  3.31182e+13
         250           7  2.11716e+13
         250           8  2.04044e+13
         250          13  1.33902e+13
         251           1  6.25843e+14
         251           2  1.62227e+14
         251           3  1.23803e+14
         251           4  1.24801e+14
         251           6  7.85582e+13
         251           8  4.90039e+13
         251          11  3.36498e+13
         251          15  1.35283e+13
         251          16  1.23663e+13
         251          17  1.25610e+13
         251          20  1.18835e+13
         251          23  1.03287e+13
         252           1  4.40085e+14
         252           2  2.02976e+14
         252           3  1.24119e+14
         252           4  1.22786e+14
         252           6  3.88685e+13
         252          13  1.92796e+13
         252          14  1.83006e+13
         252          16  1.55844e+13
         252          22  1.14207e+13
         253           1  5.73185e+14
         253           2  1.94024e+14
         253           3  6.66473e+13
         253           8  2.20758e+13
         253          10  1.97300e+13
         253          11  1.92134e+13
         254           1  7.41091e+14
         254           5  5.54184e+13
         254           6  4.37918e+13
         254           8  2.39893e+13
         254          16  1.50895e+13
         254          20  1.00181e+13
         254          24  1.00204e+13
         255           1  4.74650e+14
         255           2  1.98181e+14
         255           3  1.23981e+14
         255           4  1.16149e+14
         255           6  5.06261e+13
         255          13  1.96383e+13
         255          16  1.82349e+13
         255          18  1.49022e+13
         255          20  1.29978e+13
         255          24  1.05116e+13
         256           1  7.82383e+14
         256           4  2.90845e+13
         256           5  2.95245e+13
         256           6  2.98115e+13
         256           7  2.55532e+13
         256           9  2.37906e+13
         256          14  1.35617e+13
         257           1  9.31982e+14
         257           2  1.06083e+14
         257           8  3.18740e+13
         257          10  2.03127e+13
         257          13  1.58110e+13
         257          14  1.47809e+13
         257          17  1.09507e+13
         258           1  4.23512e+14
         258           2  9.84829e+13
         258           3  9.03910e+13
         258           6  3.45755e+13
         258           7  3.03689e+13
         258           8  3.20326e+13
         258          10  2.58598e+13
         258          12  2.10567e+13
         258          13  1.61805e+13
         258          16  1.42480e+13
         258          17  1.25389e+13
         258          21  1.04309e+13
         258          22  1.05474e+13
         259           1  5.86736e+14
         259           2  2.04622e+14
         259           3  1.81155e+14
         259           7  2.79074e+13
         259          11  1.37278e+13
         259          12  1.32659e+13
         260           1  7.11098e+14
         260           3  6.24711e+13
         260           8  2.46476e+13
         260           9  2.53750e+13
         260          13  1.13284e+13
         261           1  8.74547e+14
         261           5  2.64534e+13
         262           1  8.91242e+14
         262           3  7.87809e+13
         262           8  2.93710e+13
         262           9  2.89609e+13
         262          12  2.26108e+13
         262          17  1.36524e+13
         262          18  1.25678e+13
         262          19  1.23158e+13
         262          22  1.02919e+13
         262          23  1.08869e+13
         263           1  6.65682e+14
         263           2  4.60934e+13
         263           3  4.33579e+13
         263           5  2.02526e+13
         263           6  1.90642e+13
         263           7  1.88595e+13
         263          11  1.35166e+13
         263          12  1.33686e+13
         263          15  1.13511e+13
         264           1  9.70441e+14
         264           2  9.52356e+13
         264           5  3.25686e+13
         264           9  1.19831e+13
         264          10  1.07424e+13
         264          12  1.00295e+13
         265           1  7.73361e+14
         265           5  4.54440e+13
         265           6  4.54854e+13
         265           7  2.81363e+13
         265          16  1.16708e+13
         265          17  1.10742e+13
         266           1  1.00209e+15
         266           5  2.25458e+13
         266           9  1.64270e+13
         266          10  1.35005e+13
         266          11  1.33532e+13
         267           1  4.91912e+14
         267           2  2.59943e+14
         267           4  4.26442e+13
         267           6  2.80288e+13
         267           7  2.38572e+13
         267          12  1.10007e+13
         268           1  7.01364e+14
         268           2  1.39462e+14
         268           4  6.39465e+13
         268           8  2.68316e+13
         268          11  2.23159e+13
         268          14  1.76024e+13
         268          18  1.06019e+13
         269           1  6.98509e+14
         269           2  6.91185e+13
         269           9  1.19895e+13
         269          10  1.27247e+13
         269          12  1.07972e+13
         270           1  6.92491e+14
         270           2  6.39468e+13
         270           3  4.26768e+13
         270           4  3.90852e+13
         270           5  2.53461e+13
         270           8  1.71962e+13
         270           9  1.64765e+13
         270          10  1.50472e+13
         270          11  1.20508e+13
         270          13  1.11365e+13
         271           1  6.64849e+14
         271           2  4.37261e+13
         271           3  2.93936e+13
         271           4  2.70933e+13
         271           5  2.20849e+13
         271          10  1.36981e+13
         271          12  1.14286e+13
         271          13  1.07999e+13
         272           1  6.42604e+14
         272           2  1.33517e+14
         272           4  2.74631e+13
         272           7  1.42776e+13
         272          11  1.07337e+13
         272          12  1.02759e+13
         273           1  4.26711e+14
         273           2  2.76385e+14
         273           4  6.30071e+13
         273           5  4.50055e+13
         273           6  3.26817e+13
         273           8  2.81714e+13
         273           9  2.31829e+13
         273          10  2.11046e+13
         273          18  1.13964e+13
         274           1  9.14710e+14
         274           2  2.33433e+14
         274           9  3.60369e+13
         274          13  2.49429e+13
         274          15  2.03618e+13
         274          16  2.02196e+13
         274          18  1.37342e+13
         274          19  1.19399e+13
         274          20  1.10373e+13
         274          22  1.12252e+13
         274          23  1.03917e+13
         275           1  4.35258e+14
         275           2  1.80345e+14
         275           3  9.74698e+13
         275           4  5.42937e+13
         275           5  4.20417e+13
         275           8  3.16906e+13
         275          12  2.66831e+13
         275          24  1.10875e+13
         276           1  7.33485e+14
         276           2  1.43758e+14
         276           4  3.56394e+13
         276           5  3.15510e+13
         276           9  1.28285e+13
         277           1  4.53677e+14
         277           4  4.37705e+13
         277           8  2.15959e+13
         277          10  1.81953e+13
         277          12  1.22371e+13
         277          14  1.21364e+13
         278           1  5.99643e+14
         278           2  7.86256e+13
         278           3  5.33481e+13
         278           4  4.48967e+13
         278           5  4.13363e+13
         278           6  4.03649e+13
         278          12  1.51590e+13
         278          13  1.36321e+13
         278          15  1.05042e+13
         279           1  8.08036e+14
         279           2  4.36631e+13
         279           6  2.56113e+13
         279          10  1.39743e+13
         279          11  1.32343e+13
         279          12  1.31808e+13
         279          17  1.04631e+13
         279          18  1.01747e+13
         280           1  2.50900e+14
         280           2  2.44598e+14
         280           3  1.32922e+14
         280           6  2.25181e+13
         280           8  1.63789e+13
         281           1  2.96978e+14
         281           2  2.15111e+14
         281           3  2.19976e+14
         281           4  1.95166e+14
         281           5  1.61004e+14
         281           7  6.83389e+13
         281           8  5.72851e+13
         281           9  5.68736e+13
         281          10  3.32714e+13
         281          11  2.88849e+13
         281          14  2.51902e+13
         281          17  1.67757e+13
         281          18  1.54326e+13
         281          19  1.51244e+13
         281          22  1.23387e+13
         281          27  1.07108e+13
         281          29  1.02399e+13
         282           1  6.18309e+14
         282           2  2.98204e+14
         282           3  8.35209e+13
         282           4  8.20769e+13
         282          11  2.62379e+13
         282          16  1.78502e+13
         282          20  1.47659e+13
