#         q            M           r           M*(1-1/r)        s
  1.010000e+00  1.273000e+00  1.403000e+00  3.660000e-01  8.444080e+00
  1.010158e+00  1.274452e+00  1.405555e+00  3.674029e-01  8.397764e+00
  1.010293e+00  1.275912e+00  1.407496e+00  3.689048e-01  8.362490e+00
  1.010407e+00  1.277381e+00  1.409145e+00  3.705891e-01  8.332547e+00
  1.010514e+00  1.278859e+00  1.410781e+00  3.724566e-01  8.303055e+00
  1.010628e+00  1.280345e+00  1.412676e+00  3.744820e-01  8.269310e+00
  1.010765e+00  1.281841e+00  1.414965e+00  3.765533e-01  8.229098e+00
  1.010946e+00  1.283345e+00  1.417486e+00  3.783806e-01  8.185546e+00
  1.011160e+00  1.284857e+00  1.420003e+00  3.798728e-01  8.142814e+00
  1.011336e+00  1.286379e+00  1.422199e+00  3.814094e-01  8.105738e+00
  1.011444e+00  1.287910e+00  1.423988e+00  3.832464e-01  8.075479e+00
  1.011548e+00  1.289450e+00  1.425775e+00  3.852673e-01  8.045588e+00
  1.011722e+00  1.290999e+00  1.427997e+00  3.873196e-01  8.009134e+00
  1.011942e+00  1.292557e+00  1.430628e+00  3.893949e-01  7.966444e+00
  1.012125e+00  1.294124e+00  1.433328e+00  3.915616e-01  7.922843e+00
  1.012272e+00  1.295701e+00  1.435856e+00  3.936426e-01  7.882316e+00
  1.012426e+00  1.297287e+00  1.438062e+00  3.953723e-01  7.847523e+00
  1.012589e+00  1.298883e+00  1.440009e+00  3.968918e-01  7.817349e+00
  1.012746e+00  1.300488e+00  1.441862e+00  3.985265e-01  7.788962e+00
  1.012896e+00  1.302102e+00  1.443808e+00  4.004596e-01  7.759358e+00
  1.013067e+00  1.303727e+00  1.446072e+00  4.026216e-01  7.725305e+00
  1.013280e+00  1.305361e+00  1.448807e+00  4.048941e-01  7.684664e+00
  1.013501e+00  1.307004e+00  1.451607e+00  4.070050e-01  7.643283e+00
  1.013684e+00  1.308658e+00  1.453976e+00  4.087307e-01  7.608331e+00
  1.013840e+00  1.310321e+00  1.456011e+00  4.103138e-01  7.578540e+00
  1.013989e+00  1.311995e+00  1.457965e+00  4.121050e-01  7.550426e+00
  1.014153e+00  1.313678e+00  1.460108e+00  4.142065e-01  7.520085e+00
  1.014346e+00  1.315372e+00  1.462729e+00  4.165194e-01  7.483285e+00
  1.014572e+00  1.317076e+00  1.465801e+00  4.188558e-01  7.440407e+00
  1.014807e+00  1.318790e+00  1.468626e+00  4.208639e-01  7.401657e+00
  1.015029e+00  1.320515e+00  1.470948e+00  4.225333e-01  7.370568e+00
  1.015226e+00  1.322250e+00  1.473117e+00  4.242697e-01  7.341553e+00
  1.015398e+00  1.323995e+00  1.475415e+00  4.263553e-01  7.310332e+00
  1.015573e+00  1.325751e+00  1.477848e+00  4.286664e-01  7.277643e+00
  1.015779e+00  1.327518e+00  1.480368e+00  4.310113e-01  7.244919e+00
  1.016008e+00  1.329295e+00  1.482908e+00  4.332104e-01  7.212645e+00
  1.016238e+00  1.331083e+00  1.485397e+00  4.351067e-01  7.180916e+00
  1.016462e+00  1.332882e+00  1.487855e+00  4.368425e-01  7.149497e+00
  1.016686e+00  1.334692e+00  1.490373e+00  4.387901e-01  7.117901e+00
  1.016914e+00  1.336513e+00  1.492975e+00  4.410704e-01  7.085948e+00
  1.017143e+00  1.338345e+00  1.495588e+00  4.434394e-01  7.053909e+00
  1.017372e+00  1.340188e+00  1.498186e+00  4.457343e-01  7.021830e+00
  1.017605e+00  1.342043e+00  1.500863e+00  4.480546e-01  6.989148e+00
  1.017843e+00  1.343909e+00  1.503659e+00  4.504665e-01  6.955889e+00
  1.018075e+00  1.345786e+00  1.506321e+00  4.527593e-01  6.924690e+00
  1.018292e+00  1.347675e+00  1.508603e+00  4.547217e-01  6.897974e+00
  1.018514e+00  1.349575e+00  1.510746e+00  4.565397e-01  6.873131e+00
  1.018769e+00  1.351487e+00  1.513162e+00  4.585451e-01  6.845694e+00
  1.019061e+00  1.353411e+00  1.516049e+00  4.609064e-01  6.813502e+00
  1.019349e+00  1.355346e+00  1.519158e+00  4.634610e-01  6.779046e+00
  1.019601e+00  1.357294e+00  1.522201e+00  4.659954e-01  6.745344e+00
  1.019829e+00  1.359253e+00  1.524925e+00  4.682705e-01  6.715308e+00
  1.020052e+00  1.361225e+00  1.527256e+00  4.701989e-01  6.689864e+00
  1.020294e+00  1.363209e+00  1.529629e+00  4.721335e-01  6.664367e+00
  1.020575e+00  1.365205e+00  1.532528e+00  4.744743e-01  6.633593e+00
  1.020882e+00  1.367214e+00  1.535733e+00  4.770577e-01  6.599804e+00
  1.021177e+00  1.369235e+00  1.538525e+00  4.793154e-01  6.570616e+00
  1.021457e+00  1.371268e+00  1.540949e+00  4.812570e-01  6.545628e+00
  1.021746e+00  1.373314e+00  1.543661e+00  4.833495e-01  6.518107e+00
  1.022055e+00  1.375373e+00  1.546975e+00  4.858735e-01  6.484782e+00
  1.022365e+00  1.377445e+00  1.550265e+00  4.885779e-01  6.452041e+00
  1.022660e+00  1.379530e+00  1.553070e+00  4.911933e-01  6.424541e+00
  1.022948e+00  1.381627e+00  1.555643e+00  4.936025e-01  6.399595e+00
  1.023243e+00  1.383738e+00  1.558295e+00  4.957440e-01  6.373899e+00
  1.023541e+00  1.385862e+00  1.561081e+00  4.978158e-01  6.347016e+00
  1.023838e+00  1.388000e+00  1.563939e+00  5.001230e-01  6.319751e+00
  1.024135e+00  1.390150e+00  1.566803e+00  5.027204e-01  6.292836e+00
  1.024447e+00  1.392315e+00  1.569598e+00  5.053802e-01  6.266917e+00
  1.024783e+00  1.394492e+00  1.572360e+00  5.079617e-01  6.241626e+00
  1.025146e+00  1.396684e+00  1.575415e+00  5.106043e-01  6.213905e+00
  1.025531e+00  1.398889e+00  1.579030e+00  5.134280e-01  6.181242e+00
  1.025919e+00  1.401109e+00  1.582775e+00  5.161214e-01  6.147746e+00
  1.026287e+00  1.403342e+00  1.586099e+00  5.183860e-01  6.118593e+00
  1.026637e+00  1.405590e+00  1.589006e+00  5.205719e-01  6.093472e+00
  1.026979e+00  1.407851e+00  1.591640e+00  5.231016e-01  6.070793e+00
  1.027318e+00  1.410128e+00  1.594228e+00  5.258492e-01  6.048616e+00
  1.027664e+00  1.412418e+00  1.597041e+00  5.284447e-01  6.024818e+00
  1.028024e+00  1.414723e+00  1.600215e+00  5.307263e-01  5.998335e+00
  1.028407e+00  1.417043e+00  1.603562e+00  5.330457e-01  5.970714e+00
  1.028817e+00  1.419378e+00  1.606903e+00  5.357246e-01  5.943412e+00
  1.029249e+00  1.421727e+00  1.610298e+00  5.386543e-01  5.915963e+00
  1.029691e+00  1.424091e+00  1.613810e+00  5.416214e-01  5.887834e+00
  1.030113e+00  1.426471e+00  1.617201e+00  5.444225e-01  5.860860e+00
  1.030484e+00  1.428866e+00  1.620184e+00  5.468977e-01  5.837262e+00
  1.030833e+00  1.431276e+00  1.623007e+00  5.492310e-01  5.815216e+00
  1.031218e+00  1.433702e+00  1.626180e+00  5.517762e-01  5.790907e+00
  1.031659e+00  1.436143e+00  1.629840e+00  5.546862e-01  5.763267e+00
  1.032107e+00  1.438600e+00  1.633439e+00  5.577453e-01  5.736222e+00
  1.032529e+00  1.441073e+00  1.636622e+00  5.607394e-01  5.712358e+00
  1.032931e+00  1.443562e+00  1.639584e+00  5.635382e-01  5.690428e+00
  1.033327e+00  1.446067e+00  1.642578e+00  5.660619e-01  5.668705e+00
  1.033745e+00  1.448588e+00  1.645817e+00  5.685253e-01  5.645545e+00
  1.034218e+00  1.451125e+00  1.649484e+00  5.712657e-01  5.619398e+00
  1.034735e+00  1.453679e+00  1.653433e+00  5.743543e-01  5.591278e+00
  1.035240e+00  1.456249e+00  1.657138e+00  5.775443e-01  5.565151e+00
  1.035712e+00  1.458836e+00  1.660475e+00  5.806265e-01  5.542044e+00
  1.036180e+00  1.461440e+00  1.663767e+00  5.834528e-01  5.519638e+00
  1.036661e+00  1.464061e+00  1.667240e+00  5.860187e-01  5.496294e+00
  1.037146e+00  1.466700e+00  1.670797e+00  5.886747e-01  5.472544e+00
  1.037622e+00  1.469355e+00  1.674325e+00  5.917302e-01  5.449093e+00
  1.038112e+00  1.472028e+00  1.677881e+00  5.949115e-01  5.425658e+00
  1.038646e+00  1.474718e+00  1.681572e+00  5.977706e-01  5.401698e+00
  1.039198e+00  1.477426e+00  1.685271e+00  6.003984e-01  5.377983e+00
  1.039704e+00  1.480152e+00  1.688694e+00  6.032642e-01  5.356189e+00
  1.040159e+00  1.482895e+00  1.691839e+00  6.064685e-01  5.336296e+00
  1.040636e+00  1.485657e+00  1.695074e+00  6.096318e-01  5.316111e+00
  1.041199e+00  1.488437e+00  1.698724e+00  6.124401e-01  5.293673e+00
  1.041826e+00  1.491235e+00  1.702696e+00  6.151915e-01  5.269476e+00
  1.042462e+00  1.494052e+00  1.706746e+00  6.183491e-01  5.244907e+00
  1.043073e+00  1.496887e+00  1.710706e+00  6.217337e-01  5.221077e+00
  1.043639e+00  1.499742e+00  1.714455e+00  6.248353e-01  5.198891e+00
  1.044168e+00  1.502615e+00  1.717988e+00  6.276411e-01  5.178353e+00
  1.044693e+00  1.505507e+00  1.721390e+00  6.305277e-01  5.158770e+00
  1.045247e+00  1.508419e+00  1.724804e+00  6.337479e-01  5.139193e+00
  1.045855e+00  1.511350e+00  1.728511e+00  6.372150e-01  5.118122e+00
  1.046537e+00  1.514301e+00  1.732746e+00  6.407788e-01  5.094334e+00
  1.047237e+00  1.517271e+00  1.737164e+00  6.442115e-01  5.069740e+00
  1.047874e+00  1.520261e+00  1.741204e+00  6.472931e-01  5.047432e+00
  1.048463e+00  1.523272e+00  1.744903e+00  6.502267e-01  5.027235e+00
  1.049062e+00  1.526302e+00  1.748613e+00  6.534297e-01  5.007273e+00
  1.049707e+00  1.529353e+00  1.752512e+00  6.569675e-01  4.986565e+00
  1.050398e+00  1.532425e+00  1.756566e+00  6.604646e-01  4.965263e+00
  1.051118e+00  1.535517e+00  1.760682e+00  6.636536e-01  4.943817e+00
  1.051821e+00  1.538630e+00  1.764651e+00  6.666494e-01  4.923295e+00
  1.052463e+00  1.541764e+00  1.768302e+00  6.696322e-01  4.904554e+00
  1.053079e+00  1.544919e+00  1.771853e+00  6.727730e-01  4.886526e+00
  1.053733e+00  1.548096e+00  1.775660e+00  6.762380e-01  4.867431e+00
  1.054455e+00  1.551294e+00  1.779873e+00  6.799659e-01  4.846549e+00
  1.055225e+00  1.554514e+00  1.784315e+00  6.835413e-01  4.824818e+00
  1.056018e+00  1.557757e+00  1.788790e+00  6.867561e-01  4.803230e+00
  1.056805e+00  1.561021e+00  1.793127e+00  6.900219e-01  4.782518e+00
  1.057563e+00  1.564307e+00  1.797205e+00  6.936947e-01  4.763172e+00
  1.058298e+00  1.567616e+00  1.801101e+00  6.974907e-01  4.744831e+00
  1.059023e+00  1.570948e+00  1.804948e+00  7.009884e-01  4.726896e+00
  1.059766e+00  1.574302e+00  1.808940e+00  7.042505e-01  4.708497e+00
  1.060568e+00  1.577680e+00  1.813322e+00  7.077415e-01  4.688545e+00
  1.061441e+00  1.581081e+00  1.818124e+00  7.116586e-01  4.666924e+00
  1.062329e+00  1.584505e+00  1.822874e+00  7.155493e-01  4.645789e+00
  1.063192e+00  1.587953e+00  1.827243e+00  7.190731e-01  4.626612e+00
  1.064055e+00  1.591424e+00  1.831487e+00  7.224385e-01  4.608162e+00
  1.064947e+00  1.594920e+00  1.835895e+00  7.259062e-01  4.589042e+00
  1.065830e+00  1.598440e+00  1.840325e+00  7.294506e-01  4.569925e+00
  1.066644e+00  1.601985e+00  1.844470e+00  7.329365e-01  4.552261e+00
  1.067412e+00  1.605554e+00  1.848413e+00  7.364269e-01  4.535752e+00
  1.068236e+00  1.609148e+00  1.852581e+00  7.401610e-01  4.518544e+00
  1.069178e+00  1.612767e+00  1.857235e+00  7.442579e-01  4.499483e+00
  1.070149e+00  1.616411e+00  1.861969e+00  7.483683e-01  4.480233e+00
  1.071049e+00  1.620081e+00  1.866321e+00  7.521187e-01  4.462708e+00
  1.071931e+00  1.623777e+00  1.870530e+00  7.557229e-01  4.445991e+00
  1.072913e+00  1.627498e+00  1.875117e+00  7.596321e-01  4.428022e+00
  1.074007e+00  1.631246e+00  1.880150e+00  7.639080e-01  4.408493e+00
  1.075079e+00  1.635020e+00  1.885091e+00  7.680911e-01  4.389437e+00
  1.076058e+00  1.638820e+00  1.889648e+00  7.719322e-01  4.371980e+00
  1.077011e+00  1.642648e+00  1.894088e+00  7.756550e-01  4.355189e+00
  1.078010e+00  1.646503e+00  1.898686e+00  7.794893e-01  4.338072e+00
  1.079057e+00  1.650384e+00  1.903424e+00  7.833939e-01  4.320653e+00
  1.080132e+00  1.654294e+00  1.908192e+00  7.872478e-01  4.303278e+00
  1.081225e+00  1.658231e+00  1.912986e+00  7.911328e-01  4.285932e+00
  1.082336e+00  1.662196e+00  1.917893e+00  7.952960e-01  4.268307e+00
  1.083455e+00  1.666190e+00  1.922889e+00  7.997743e-01  4.250528e+00
  1.084557e+00  1.670212e+00  1.927748e+00  8.042271e-01  4.233481e+00
  1.085631e+00  1.674263e+00  1.932341e+00  8.083858e-01  4.217679e+00
  1.086732e+00  1.678343e+00  1.936948e+00  8.123812e-01  4.202015e+00
  1.087923e+00  1.682452e+00  1.941920e+00  8.164251e-01  4.185112e+00
  1.089179e+00  1.686591e+00  1.947183e+00  8.205750e-01  4.167254e+00
  1.090409e+00  1.690759e+00  1.952329e+00  8.247656e-01  4.150032e+00
  1.091583e+00  1.694958e+00  1.957208e+00  8.289647e-01  4.134019e+00
  1.092752e+00  1.699186e+00  1.962013e+00  8.331862e-01  4.118446e+00
  1.093964e+00  1.703446e+00  1.966922e+00  8.374436e-01  4.102615e+00
  1.095223e+00  1.707736e+00  1.971984e+00  8.417357e-01  4.086433e+00
  1.096520e+00  1.712058e+00  1.977203e+00  8.460584e-01  4.069980e+00
  1.097832e+00  1.716411e+00  1.982420e+00  8.504110e-01  4.053732e+00
  1.099124e+00  1.720795e+00  1.987385e+00  8.547951e-01  4.038386e+00
  1.100397e+00  1.725212e+00  1.992120e+00  8.592116e-01  4.023850e+00
  1.101699e+00  1.729661e+00  1.997010e+00  8.636607e-01  4.008996e+00
  1.103067e+00  1.734142e+00  2.002358e+00  8.681426e-01  3.992932e+00
  1.104479e+00  1.738656e+00  2.007893e+00  8.726567e-01  3.976463e+00
  1.105897e+00  1.743204e+00  2.013193e+00  8.772028e-01  3.960832e+00
  1.107311e+00  1.747785e+00  2.018262e+00  8.817830e-01  3.946055e+00
  1.108731e+00  1.752399e+00  2.023360e+00  8.864011e-01  3.931408e+00
  1.110166e+00  1.757048e+00  2.028628e+00  8.910550e-01  3.916479e+00
  1.111617e+00  1.761731e+00  2.033992e+00  8.957322e-01  3.901422e+00
  1.113090e+00  1.766449e+00  2.039380e+00  9.004282e-01  3.886401e+00
  1.114610e+00  1.771202e+00  2.044824e+00  9.051835e-01  3.871335e+00
  1.116203e+00  1.775990e+00  2.050378e+00  9.100423e-01  3.856090e+00
  1.117838e+00  1.780814e+00  2.055976e+00  9.149052e-01  3.840889e+00
  1.119444e+00  1.785673e+00  2.061463e+00  9.195674e-01  3.826218e+00
  1.120994e+00  1.790569e+00  2.066786e+00  9.240139e-01  3.812212e+00
  1.122542e+00  1.795502e+00  2.072066e+00  9.285299e-01  3.798454e+00
  1.124137e+00  1.800472e+00  2.077420e+00  9.333692e-01  3.784542e+00
  1.125773e+00  1.805479e+00  2.082856e+00  9.384403e-01  3.770483e+00
  1.127427e+00  1.810523e+00  2.088348e+00  9.435362e-01  3.756419e+00
  1.129107e+00  1.815606e+00  2.093914e+00  9.486008e-01  3.742346e+00
  1.130853e+00  1.820727e+00  2.099618e+00  9.537347e-01  3.728111e+00
  1.132673e+00  1.825887e+00  2.105453e+00  9.589686e-01  3.713728e+00
  1.134489e+00  1.831086e+00  2.111216e+00  9.641222e-01  3.699686e+00
  1.136228e+00  1.836324e+00  2.116722e+00  9.690241e-01  3.686426e+00
  1.137950e+00  1.841602e+00  2.122172e+00  9.738327e-01  3.673452e+00
  1.139777e+00  1.846920e+00  2.127931e+00  9.788480e-01  3.659864e+00
  1.141743e+00  1.852279e+00  2.134077e+00  9.841874e-01  3.645456e+00
  1.143750e+00  1.857679e+00  2.140265e+00  9.896932e-01  3.631060e+00
  1.145715e+00  1.863121e+00  2.146206e+00  9.952081e-01  3.617367e+00
  1.147625e+00  1.868604e+00  2.151894e+00  1.000644e+00  3.604387e+00
  1.149487e+00  1.874129e+00  2.157386e+00  1.005933e+00  3.591977e+00
  1.151371e+00  1.879696e+00  2.162889e+00  1.011090e+00  3.579686e+00
  1.153384e+00  1.885307e+00  2.168688e+00  1.016179e+00  3.566890e+00
  1.155558e+00  1.890961e+00  2.174874e+00  1.021306e+00  3.553389e+00
  1.157770e+00  1.896659e+00  2.181133e+00  1.026668e+00  3.539884e+00
  1.159906e+00  1.902401e+00  2.187166e+00  1.032398e+00  3.527027e+00
  1.161991e+00  1.908187e+00  2.193051e+00  1.038244e+00  3.514618e+00
  1.164092e+00  1.914019e+00  2.198980e+00  1.043849e+00  3.502200e+00
  1.166258e+00  1.919896e+00  2.205049e+00  1.049233e+00  3.489572e+00
  1.168518e+00  1.925819e+00  2.211266e+00  1.054792e+00  3.476782e+00
  1.170873e+00  1.931789e+00  2.217591e+00  1.060752e+00  3.463943e+00
  1.173240e+00  1.937805e+00  2.223877e+00  1.066821e+00  3.451312e+00
  1.175534e+00  1.943869e+00  2.229983e+00  1.072662e+00  3.439129e+00
  1.177795e+00  1.949980e+00  2.235972e+00  1.078312e+00  3.427270e+00
  1.180117e+00  1.956139e+00  2.242004e+00  1.083977e+00  3.415448e+00
  1.182543e+00  1.962348e+00  2.248177e+00  1.089765e+00  3.403486e+00
  1.185041e+00  1.968605e+00  2.254498e+00  1.095630e+00  3.391381e+00
  1.187573e+00  1.974912e+00  2.260944e+00  1.101522e+00  3.379178e+00
  1.190116e+00  1.981269e+00  2.267388e+00  1.107450e+00  3.367090e+00
  1.192650e+00  1.987677e+00  2.273678e+00  1.113440e+00  3.355368e+00
  1.195187e+00  1.994136e+00  2.279832e+00  1.119496e+00  3.343992e+00
  1.197757e+00  2.000646e+00  2.286018e+00  1.125606e+00  3.332710e+00
  1.200389e+00  2.007209e+00  2.292363e+00  1.131761e+00  3.321314e+00
  1.203096e+00  2.013824e+00  2.298852e+00  1.137961e+00  3.309774e+00
  1.205885e+00  2.020493e+00  2.305441e+00  1.144212e+00  3.298104e+00
  1.208715e+00  2.027215e+00  2.312026e+00  1.150514e+00  3.286504e+00
  1.211513e+00  2.033992e+00  2.318464e+00  1.156867e+00  3.275291e+00
  1.214278e+00  2.040823e+00  2.324773e+00  1.163279e+00  3.264474e+00
  1.217143e+00  2.047710e+00  2.331248e+00  1.169777e+00  3.253509e+00
  1.220223e+00  2.054653e+00  2.338150e+00  1.176370e+00  3.241912e+00
  1.223408e+00  2.061652e+00  2.345221e+00  1.182938e+00  3.230114e+00
  1.226499e+00  2.068708e+00  2.351986e+00  1.189312e+00  3.218930e+00
  1.229455e+00  2.075822e+00  2.358372e+00  1.195563e+00  3.208496e+00
  1.232398e+00  2.082994e+00  2.364695e+00  1.201994e+00  3.198290e+00
  1.235433e+00  2.090225e+00  2.371217e+00  1.208812e+00  3.187871e+00
  1.238574e+00  2.097515e+00  2.377901e+00  1.215762e+00  3.177285e+00
  1.241809e+00  2.104866e+00  2.384636e+00  1.222482e+00  3.166696e+00
  1.245133e+00  2.112277e+00  2.391407e+00  1.228994e+00  3.156135e+00
  1.248545e+00  2.119749e+00  2.398296e+00  1.235689e+00  3.145505e+00
  1.252029e+00  2.127283e+00  2.405333e+00  1.242801e+00  3.134776e+00
  1.255532e+00  2.134880e+00  2.412371e+00  1.250028e+00  3.124138e+00
  1.259003e+00  2.142540e+00  2.419251e+00  1.257009e+00  3.113802e+00
  1.262480e+00  2.150264e+00  2.426040e+00  1.263843e+00  3.103690e+00
  1.266053e+00  2.158052e+00  2.432931e+00  1.270893e+00  3.093561e+00
  1.269761e+00  2.165906e+00  2.440011e+00  1.278322e+00  3.083307e+00
  1.273540e+00  2.173825e+00  2.447151e+00  1.285889e+00  3.073083e+00
  1.277321e+00  2.181811e+00  2.454204e+00  1.293330e+00  3.063059e+00
  1.281063e+00  2.189865e+00  2.461112e+00  1.300552e+00  3.053310e+00
  1.284739e+00  2.197986e+00  2.467850e+00  1.307531e+00  3.043864e+00
  1.288406e+00  2.206176e+00  2.474512e+00  1.314411e+00  3.034598e+00
  1.292242e+00  2.214435e+00  2.481364e+00  1.321581e+00  3.025163e+00
  1.296395e+00  2.222764e+00  2.488627e+00  1.329371e+00  3.015272e+00
  1.300696e+00  2.231165e+00  2.496055e+00  1.337467e+00  3.005253e+00
  1.304837e+00  2.239637e+00  2.503201e+00  1.345275e+00  2.995703e+00
  1.308778e+00  2.248181e+00  2.510007e+00  1.352641e+00  2.986703e+00
  1.312814e+00  2.256799e+00  2.516908e+00  1.359963e+00  2.977692e+00
  1.317201e+00  2.265490e+00  2.524276e+00  1.367619e+00  2.968184e+00
  1.321776e+00  2.274257e+00  2.531838e+00  1.375612e+00  2.958497e+00
  1.326224e+00  2.283098e+00  2.539084e+00  1.383803e+00  2.949250e+00
  1.330507e+00  2.292017e+00  2.545956e+00  1.392033e+00  2.940525e+00
  1.334900e+00  2.301012e+00  2.552913e+00  1.400130e+00  2.931793e+00
  1.339638e+00  2.310086e+00  2.560343e+00  1.407981e+00  2.922608e+00
  1.344569e+00  2.319238e+00  2.568003e+00  1.415826e+00  2.913243e+00
  1.349415e+00  2.328470e+00  2.575440e+00  1.424023e+00  2.904215e+00
  1.354103e+00  2.337783e+00  2.582544e+00  1.432605e+00  2.895652e+00
  1.358786e+00  2.347177e+00  2.589580e+00  1.441254e+00  2.887252e+00
  1.363612e+00  2.356653e+00  2.596794e+00  1.449692e+00  2.878737e+00
  1.368613e+00  2.366213e+00  2.604193e+00  1.457994e+00  2.870091e+00
  1.373781e+00  2.375857e+00  2.611706e+00  1.466353e+00  2.861382e+00
  1.379089e+00  2.385587e+00  2.619272e+00  1.474860e+00  2.852681e+00
  1.384472e+00  2.395402e+00  2.626842e+00  1.483475e+00  2.844056e+00
  1.389878e+00  2.405304e+00  2.634374e+00  1.492160e+00  2.835565e+00
  1.395306e+00  2.415294e+00  2.641866e+00  1.500948e+00  2.827201e+00
  1.400772e+00  2.425374e+00  2.649325e+00  1.509894e+00  2.818942e+00
  1.406286e+00  2.435543e+00  2.656753e+00  1.518954e+00  2.810782e+00
  1.411851e+00  2.445803e+00  2.664144e+00  1.527965e+00  2.802740e+00
  1.417473e+00  2.456155e+00  2.671502e+00  1.536805e+00  2.794824e+00
  1.423192e+00  2.466600e+00  2.678873e+00  1.545641e+00  2.786963e+00
  1.429061e+00  2.477139e+00  2.686325e+00  1.554748e+00  2.779059e+00
  1.435086e+00  2.487774e+00  2.693874e+00  1.564214e+00  2.771086e+00
  1.441187e+00  2.498504e+00  2.701451e+00  1.573797e+00  2.763158e+00
  1.447294e+00  2.509332e+00  2.708993e+00  1.583247e+00  2.755381e+00
  1.453468e+00  2.520258e+00  2.716541e+00  1.592579e+00  2.747698e+00
  1.459837e+00  2.531284e+00  2.724193e+00  1.601943e+00  2.739965e+00
  1.466443e+00  2.542410e+00  2.731971e+00  1.611446e+00  2.732135e+00
  1.473125e+00  2.553639e+00  2.739724e+00  1.621099e+00  2.724383e+00
  1.479713e+00  2.564970e+00  2.747294e+00  1.630897e+00  2.716895e+00
  1.486261e+00  2.576405e+00  2.754732e+00  1.640815e+00  2.709620e+00
  1.492957e+00  2.587946e+00  2.762217e+00  1.650819e+00  2.702366e+00
  1.499926e+00  2.599593e+00  2.769869e+00  1.660889e+00  2.695001e+00
  1.507069e+00  2.611348e+00  2.777608e+00  1.671076e+00  2.687615e+00
  1.514248e+00  2.623212e+00  2.785319e+00  1.681436e+00  2.680336e+00
  1.521462e+00  2.635186e+00  2.792994e+00  1.691921e+00  2.673169e+00
  1.528849e+00  2.647272e+00  2.800732e+00  1.702378e+00  2.665998e+00
  1.536510e+00  2.659471e+00  2.808605e+00  1.712693e+00  2.658737e+00
  1.544338e+00  2.671784e+00  2.816526e+00  1.722970e+00  2.651481e+00
  1.552162e+00  2.684213e+00  2.824357e+00  1.733382e+00  2.644379e+00
  1.559924e+00  2.696758e+00  2.832049e+00  1.744006e+00  2.637487e+00
  1.567712e+00  2.709422e+00  2.839662e+00  1.754799e+00  2.630735e+00
  1.575621e+00  2.722206e+00  2.847266e+00  1.765714e+00  2.624046e+00
  1.583725e+00  2.735111e+00  2.854919e+00  1.776725e+00  2.617359e+00
  1.592087e+00  2.748138e+00  2.862678e+00  1.787818e+00  2.610618e+00
  1.600711e+00  2.761289e+00  2.870552e+00  1.799000e+00  2.603814e+00
  1.609452e+00  2.774566e+00  2.878428e+00  1.810333e+00  2.597064e+00
  1.618151e+00  2.787969e+00  2.886181e+00  1.821881e+00  2.590495e+00
  1.626847e+00  2.801502e+00  2.893832e+00  1.833586e+00  2.584087e+00
  1.635747e+00  2.815164e+00  2.901527e+00  1.845291e+00  2.577695e+00
  1.645005e+00  2.828958e+00  2.909374e+00  1.856875e+00  2.571209e+00
  1.654502e+00  2.842885e+00  2.917291e+00  1.868433e+00  2.564703e+00
  1.664035e+00  2.856947e+00  2.925133e+00  1.880125e+00  2.558310e+00
  1.673522e+00  2.871145e+00  2.932845e+00  1.892041e+00  2.552084e+00
  1.683075e+00  2.885482e+00  2.940500e+00  1.904165e+00  2.545959e+00
  1.692814e+00  2.899958e+00  2.948183e+00  1.916465e+00  2.539860e+00
  1.702774e+00  2.914576e+00  2.955915e+00  1.928870e+00  2.533771e+00
  1.712933e+00  2.929337e+00  2.963676e+00  1.941281e+00  2.527712e+00
  1.723271e+00  2.944243e+00  2.971451e+00  1.953636e+00  2.521700e+00
  1.733785e+00  2.959296e+00  2.979229e+00  1.966016e+00  2.515734e+00
  1.744474e+00  2.974497e+00  2.987000e+00  1.978537e+00  2.509809e+00
  1.755351e+00  2.989849e+00  2.994771e+00  1.991256e+00  2.503918e+00
  1.766448e+00  3.005353e+00  3.002568e+00  2.004139e+00  2.498054e+00
  1.777791e+00  3.021011e+00  3.010417e+00  2.017146e+00  2.492209e+00
  1.789334e+00  3.036826e+00  3.018280e+00  2.030303e+00  2.486406e+00
  1.800980e+00  3.052798e+00  3.026086e+00  2.043671e+00  2.480686e+00
  1.812676e+00  3.068931e+00  3.033790e+00  2.057273e+00  2.475072e+00
  1.824509e+00  3.085225e+00  3.041454e+00  2.071000e+00  2.469528e+00
  1.836597e+00  3.101684e+00  3.049164e+00  2.084709e+00  2.464004e+00
  1.848981e+00  3.118309e+00  3.056942e+00  2.098373e+00  2.458485e+00
  1.861575e+00  3.135102e+00  3.064710e+00  2.112142e+00  2.453011e+00
  1.874290e+00  3.152065e+00  3.072384e+00  2.126168e+00  2.447625e+00
  1.887131e+00  3.169201e+00  3.079973e+00  2.140429e+00  2.442323e+00
  1.900173e+00  3.186512e+00  3.087550e+00  2.154775e+00  2.437068e+00
  1.913488e+00  3.204000e+00  3.095180e+00  2.169083e+00  2.431829e+00
  1.927110e+00  3.221667e+00  3.102874e+00  2.183405e+00  2.426594e+00
  1.941064e+00  3.239515e+00  3.110624e+00  2.197848e+00  2.421362e+00
  1.955332e+00  3.257548e+00  3.118406e+00  2.212500e+00  2.416144e+00
  1.969795e+00  3.275766e+00  3.126147e+00  2.227401e+00  2.410989e+00
  1.984324e+00  3.294174e+00  3.133772e+00  2.242582e+00  2.405946e+00
  1.998916e+00  3.312772e+00  3.141281e+00  2.257998e+00  2.401017e+00
  2.013698e+00  3.331564e+00  3.148750e+00  2.273532e+00  2.396149e+00
  2.028799e+00  3.350552e+00  3.156256e+00  2.289071e+00  2.391291e+00
  2.044283e+00  3.369739e+00  3.163826e+00  2.304629e+00  2.386427e+00
  2.060178e+00  3.389127e+00  3.171457e+00  2.320294e+00  2.381561e+00
  2.076486e+00  3.408719e+00  3.179137e+00  2.336155e+00  2.376704e+00
  2.093102e+00  3.428517e+00  3.186808e+00  2.352281e+00  2.371886e+00
  2.109889e+00  3.448525e+00  3.194399e+00  2.368739e+00  2.367145e+00
  2.126771e+00  3.468745e+00  3.201875e+00  2.385506e+00  2.362499e+00
  2.143815e+00  3.489179e+00  3.209272e+00  2.402372e+00  2.357930e+00
  2.161110e+00  3.509832e+00  3.216641e+00  2.419105e+00  2.353413e+00
  2.178742e+00  3.530705e+00  3.224019e+00  2.435701e+00  2.348928e+00
  2.196801e+00  3.551802e+00  3.231429e+00  2.452440e+00  2.344455e+00
  2.215367e+00  3.573125e+00  3.238888e+00  2.469610e+00  2.339979e+00
  2.234382e+00  3.594678e+00  3.246370e+00  2.487229e+00  2.335513e+00
  2.253674e+00  3.616463e+00  3.253808e+00  2.505105e+00  2.331097e+00
  2.273099e+00  3.638485e+00  3.261150e+00  2.523063e+00  2.326763e+00
  2.292729e+00  3.660745e+00  3.268421e+00  2.541081e+00  2.322499e+00
  2.312722e+00  3.683248e+00  3.275680e+00  2.559200e+00  2.318274e+00
  2.333196e+00  3.705997e+00  3.282971e+00  2.577455e+00  2.314065e+00
  2.354082e+00  3.728994e+00  3.290264e+00  2.595849e+00  2.309887e+00
  2.375266e+00  3.752244e+00  3.297512e+00  2.614376e+00  2.305765e+00
  2.396695e+00  3.775749e+00  3.304687e+00  2.633045e+00  2.301710e+00
  2.418469e+00  3.799514e+00  3.311814e+00  2.651902e+00  2.297702e+00
  2.440712e+00  3.823541e+00  3.318923e+00  2.671001e+00  2.293717e+00
  2.463468e+00  3.847835e+00  3.326030e+00  2.690381e+00  2.289748e+00
  2.486642e+00  3.872400e+00  3.333121e+00  2.710062e+00  2.285812e+00
  2.510126e+00  3.897238e+00  3.340179e+00  2.730060e+00  2.281930e+00
  2.533936e+00  3.922354e+00  3.347204e+00  2.750360e+00  2.278102e+00
  2.558229e+00  3.947751e+00  3.354217e+00  2.770908e+00  2.274307e+00
  2.583167e+00  3.973435e+00  3.361237e+00  2.791648e+00  2.270523e+00
  2.608718e+00  3.999407e+00  3.368252e+00  2.812512e+00  2.266754e+00
  2.634679e+00  4.025674e+00  3.375223e+00  2.833423e+00  2.263029e+00
  2.660864e+00  4.052238e+00  3.382111e+00  2.854318e+00  2.259376e+00
  2.687344e+00  4.079104e+00  3.388931e+00  2.875319e+00  2.255786e+00
  2.714354e+00  4.106276e+00  3.395728e+00  2.896671e+00  2.252228e+00
  2.742110e+00  4.133759e+00  3.402544e+00  2.918589e+00  2.248674e+00
  2.770566e+00  4.161557e+00  3.409368e+00  2.940972e+00  2.245130e+00
  2.799539e+00  4.189675e+00  3.416166e+00  2.963550e+00  2.241624e+00
  2.828871e+00  4.218116e+00  3.422904e+00  2.986097e+00  2.238177e+00
  2.858624e+00  4.246887e+00  3.429584e+00  3.008710e+00  2.234785e+00
  2.888946e+00  4.275990e+00  3.436220e+00  3.031620e+00  2.231428e+00
  2.919962e+00  4.305433e+00  3.442825e+00  3.055011e+00  2.228091e+00
  2.951649e+00  4.335218e+00  3.449401e+00  3.078774e+00  2.224780e+00
  2.983930e+00  4.365352e+00  3.455945e+00  3.102699e+00  2.221504e+00
  3.016742e+00  4.395839e+00  3.462456e+00  3.126628e+00  2.218272e+00
  3.050112e+00  4.426684e+00  3.468932e+00  3.150696e+00  2.215082e+00
  3.084090e+00  4.457893e+00  3.475373e+00  3.175129e+00  2.211931e+00
  3.118722e+00  4.489471e+00  3.481779e+00  3.200093e+00  2.208813e+00
  3.154025e+00  4.521423e+00  3.488143e+00  3.225461e+00  2.205728e+00
  3.190009e+00  4.553755e+00  3.494459e+00  3.251021e+00  2.202677e+00
  3.226690e+00  4.586473e+00  3.500724e+00  3.276617e+00  2.199660e+00
  3.264107e+00  4.619582e+00  3.506949e+00  3.302374e+00  2.196674e+00
  3.302309e+00  4.653088e+00  3.513149e+00  3.328503e+00  2.193717e+00
  3.341330e+00  4.686997e+00  3.519333e+00  3.355166e+00  2.190787e+00
  3.381131e+00  4.721315e+00  3.525488e+00  3.382278e+00  2.187887e+00
  3.421648e+00  4.756048e+00  3.531588e+00  3.409678e+00  2.185025e+00
  3.462845e+00  4.791202e+00  3.537617e+00  3.437231e+00  2.182204e+00
  3.504829e+00  4.826785e+00  3.543593e+00  3.464964e+00  2.179418e+00
  3.547759e+00  4.862801e+00  3.549547e+00  3.492960e+00  2.176658e+00
  3.591763e+00  4.899258e+00  3.555502e+00  3.521298e+00  2.173916e+00
  3.636764e+00  4.936163e+00  3.561442e+00  3.550020e+00  2.171198e+00
  3.682605e+00  4.973522e+00  3.567337e+00  3.579158e+00  2.168513e+00
  3.729150e+00  5.011342e+00  3.573157e+00  3.608733e+00  2.165873e+00
  3.776474e+00  5.049630e+00  3.578908e+00  3.638696e+00  2.163273e+00
  3.824751e+00  5.088394e+00  3.584612e+00  3.668964e+00  2.160705e+00
  3.874144e+00  5.127640e+00  3.590288e+00  3.699461e+00  2.158160e+00
  3.924675e+00  5.167377e+00  3.595937e+00  3.730216e+00  2.155639e+00
  3.976276e+00  5.207611e+00  3.601548e+00  3.761320e+00  2.153146e+00
  4.028885e+00  5.248351e+00  3.607109e+00  3.792865e+00  2.150685e+00
  4.082517e+00  5.289604e+00  3.612619e+00  3.824887e+00  2.148258e+00
  4.137257e+00  5.331379e+00  3.618085e+00  3.857382e+00  2.145861e+00
  4.193189e+00  5.373683e+00  3.623513e+00  3.890340e+00  2.143491e+00
  4.250344e+00  5.416525e+00  3.628904e+00  3.923746e+00  2.141147e+00
  4.308694e+00  5.459914e+00  3.634255e+00  3.957569e+00  2.138832e+00
  4.368209e+00  5.503857e+00  3.639561e+00  3.991781e+00  2.136547e+00
  4.428888e+00  5.548364e+00  3.644818e+00  4.026368e+00  2.134295e+00
  4.490790e+00  5.593443e+00  3.650026e+00  4.061345e+00  2.132072e+00
  4.553978e+00  5.639105e+00  3.655183e+00  4.096729e+00  2.129879e+00
  4.618518e+00  5.685357e+00  3.660289e+00  4.132534e+00  2.127712e+00
  4.684483e+00  5.732210e+00  3.665345e+00  4.168767e+00  2.125572e+00
  4.751946e+00  5.779673e+00  3.670353e+00  4.205432e+00  2.123456e+00
  4.820974e+00  5.827756e+00  3.675315e+00  4.242533e+00  2.121365e+00
  4.891578e+00  5.876469e+00  3.680235e+00  4.280081e+00  2.119298e+00
  4.963753e+00  5.925822e+00  3.685116e+00  4.318088e+00  2.117257e+00
  5.037496e+00  5.975826e+00  3.689963e+00  4.356566e+00  2.115242e+00
  5.112819e+00  6.026491e+00  3.694770e+00  4.395545e+00  2.113254e+00
  5.189744e+00  6.077827e+00  3.699529e+00  4.435063e+00  2.111294e+00
  5.268292e+00  6.129846e+00  3.704230e+00  4.475158e+00  2.109362e+00
  5.348502e+00  6.182560e+00  3.708873e+00  4.515815e+00  2.107456e+00
  5.430433e+00  6.235979e+00  3.713469e+00  4.556961e+00  2.105578e+00
  5.514144e+00  6.290115e+00  3.718029e+00  4.598516e+00  2.103725e+00
  5.599723e+00  6.344980e+00  3.722559e+00  4.640469e+00  2.101897e+00
  5.687321e+00  6.400586e+00  3.727054e+00  4.682951e+00  2.100091e+00
  5.777096e+00  6.456945e+00  3.731506e+00  4.726118e+00  2.098307e+00
  5.869168e+00  6.514070e+00  3.735907e+00  4.770092e+00  2.096542e+00
  5.963413e+00  6.571975e+00  3.740251e+00  4.814789e+00  2.094800e+00
  6.059626e+00  6.630671e+00  3.744532e+00  4.860056e+00  2.093084e+00
  6.157616e+00  6.690172e+00  3.748748e+00  4.905746e+00  2.091399e+00
  6.257505e+00  6.750491e+00  3.752906e+00  4.951870e+00  2.089744e+00
  6.359664e+00  6.811644e+00  3.757026e+00  4.998566e+00  2.088113e+00
  6.464480e+00  6.873643e+00  3.761129e+00  5.045975e+00  2.086501e+00
  6.572152e+00  6.936503e+00  3.765221e+00  5.094166e+00  2.084905e+00
  6.682503e+00  7.000239e+00  3.769277e+00  5.143057e+00  2.083328e+00
  6.795305e+00  7.064866e+00  3.773268e+00  5.192547e+00  2.081775e+00
  6.910391e+00  7.130399e+00  3.777171e+00  5.242558e+00  2.080250e+00
  7.027964e+00  7.196853e+00  3.780999e+00  5.293164e+00  2.078749e+00
  7.148364e+00  7.264246e+00  3.784780e+00  5.344490e+00  2.077270e+00
  7.271927e+00  7.332592e+00  3.788540e+00  5.396665e+00  2.075810e+00
  7.398758e+00  7.401908e+00  3.792286e+00  5.449722e+00  2.074367e+00
  7.528711e+00  7.472212e+00  3.796005e+00  5.503599e+00  2.072944e+00
  7.661622e+00  7.543520e+00  3.799681e+00  5.558226e+00  2.071543e+00
  7.797408e+00  7.615850e+00  3.803302e+00  5.613552e+00  2.070167e+00
  7.936250e+00  7.689220e+00  3.806870e+00  5.669593e+00  2.068814e+00
  8.078385e+00  7.763649e+00  3.810386e+00  5.726381e+00  2.067482e+00
  8.224051e+00  7.839154e+00  3.813855e+00  5.783947e+00  2.066170e+00
  8.373387e+00  7.915756e+00  3.817276e+00  5.842322e+00  2.064877e+00
  8.526458e+00  7.993474e+00  3.820649e+00  5.901540e+00  2.063602e+00
  8.683328e+00  8.072327e+00  3.823971e+00  5.961633e+00  2.062347e+00
  8.844092e+00  8.152335e+00  3.827243e+00  6.022618e+00  2.061111e+00
  9.008913e+00  8.233520e+00  3.830470e+00  6.084465e+00  2.059894e+00
  9.177972e+00  8.315903e+00  3.833656e+00  6.147137e+00  2.058694e+00
  9.351446e+00  8.399505e+00  3.836808e+00  6.210599e+00  2.057513e+00
  9.529404e+00  8.484348e+00  3.839924e+00  6.274902e+00  2.056349e+00
  9.711841e+00  8.570455e+00  3.843002e+00  6.340159e+00  2.055205e+00
  9.898748e+00  8.657849e+00  3.846038e+00  6.406482e+00  2.054079e+00
  1.009016e+01  8.746553e+00  3.849028e+00  6.473947e+00  2.052973e+00
  1.028622e+01  8.836591e+00  3.851976e+00  6.542499e+00  2.051886e+00
  1.048711e+01  8.927988e+00  3.854887e+00  6.612060e+00  2.050818e+00
  1.069302e+01  9.020768e+00  3.857765e+00  6.682554e+00  2.049767e+00
  1.090420e+01  9.114958e+00  3.860608e+00  6.753984e+00  2.048734e+00
  1.112098e+01  9.210583e+00  3.863406e+00  6.826427e+00  2.047717e+00
  1.134369e+01  9.307670e+00  3.866152e+00  6.899962e+00  2.046716e+00
  1.157263e+01  9.406246e+00  3.868839e+00  6.974663e+00  2.045730e+00
  1.180784e+01  9.506339e+00  3.871475e+00  7.050553e+00  2.044759e+00
  1.204931e+01  9.607977e+00  3.874073e+00  7.127641e+00  2.043804e+00
  1.229703e+01  9.711190e+00  3.876646e+00  7.205937e+00  2.042866e+00
  1.255106e+01  9.816007e+00  3.879197e+00  7.285448e+00  2.041944e+00
  1.281162e+01  9.922458e+00  3.881719e+00  7.366183e+00  2.041040e+00
  1.307893e+01  1.003057e+01  3.884204e+00  7.448151e+00  2.040152e+00
  1.335321e+01  1.014039e+01  3.886642e+00  7.531362e+00  2.039279e+00
  1.363479e+01  1.025193e+01  3.889031e+00  7.615841e+00  2.038422e+00
  1.392405e+01  1.036524e+01  3.891372e+00  7.701622e+00  2.037580e+00
  1.422138e+01  1.048034e+01  3.893667e+00  7.788742e+00  2.036752e+00
  1.452712e+01  1.059727e+01  3.895920e+00  7.877237e+00  2.035938e+00
  1.484140e+01  1.071607e+01  3.898136e+00  7.967138e+00  2.035138e+00
  1.516429e+01  1.083677e+01  3.900321e+00  8.058476e+00  2.034352e+00
  1.549587e+01  1.095941e+01  3.902484e+00  8.151283e+00  2.033580e+00
  1.583634e+01  1.108403e+01  3.904625e+00  8.245581e+00  2.032823e+00
  1.618613e+01  1.121066e+01  3.906739e+00  8.341374e+00  2.032080e+00
  1.654570e+01  1.133935e+01  3.908816e+00  8.438663e+00  2.031351e+00
  1.691551e+01  1.147013e+01  3.910849e+00  8.537451e+00  2.030635e+00
  1.729590e+01  1.160305e+01  3.912837e+00  8.637782e+00  2.029932e+00
  1.768703e+01  1.173815e+01  3.914785e+00  8.739738e+00  2.029242e+00
  1.808910e+01  1.187547e+01  3.916701e+00  8.843409e+00  2.028565e+00
  1.850231e+01  1.201506e+01  3.918588e+00  8.948873e+00  2.027901e+00
  1.892713e+01  1.215696e+01  3.920446e+00  9.056132e+00  2.027249e+00
  1.936419e+01  1.230121e+01  3.922271e+00  9.165141e+00  2.026610e+00
  1.981414e+01  1.244788e+01  3.924056e+00  9.275855e+00  2.025983e+00
  2.027757e+01  1.259699e+01  3.925798e+00  9.388250e+00  2.025367e+00
  2.075474e+01  1.274861e+01  3.927501e+00  9.502428e+00  2.024763e+00
  2.124581e+01  1.290278e+01  3.929172e+00  9.618536e+00  2.024171e+00
  2.175094e+01  1.305956e+01  3.930820e+00  9.736722e+00  2.023590e+00
  2.227043e+01  1.321900e+01  3.932448e+00  9.857099e+00  2.023021e+00
  2.280492e+01  1.338115e+01  3.934056e+00  9.979643e+00  2.022464e+00
  2.335517e+01  1.354607e+01  3.935638e+00  1.010430e+01  2.021917e+00
  2.392196e+01  1.371382e+01  3.937190e+00  1.023103e+01  2.021382e+00
  2.450597e+01  1.388445e+01  3.938710e+00  1.035979e+01  2.020857e+00
  2.510766e+01  1.405802e+01  3.940199e+00  1.049067e+01  2.020343e+00
  2.572744e+01  1.423460e+01  3.941657e+00  1.062375e+01  2.019838e+00
  2.636574e+01  1.441425e+01  3.943087e+00  1.075910e+01  2.019344e+00
  2.702313e+01  1.459702e+01  3.944488e+00  1.089681e+01  2.018861e+00
  2.770033e+01  1.478300e+01  3.945860e+00  1.103692e+01  2.018387e+00
  2.839814e+01  1.497224e+01  3.947203e+00  1.117949e+01  2.017923e+00
  2.911737e+01  1.516481e+01  3.948515e+00  1.132457e+01  2.017469e+00
  2.985880e+01  1.536079e+01  3.949798e+00  1.147220e+01  2.017025e+00
  3.062323e+01  1.556024e+01  3.951054e+00  1.162244e+01  2.016590e+00
  3.141148e+01  1.576325e+01  3.952287e+00  1.177530e+01  2.016164e+00
  3.222434e+01  1.596988e+01  3.953500e+00  1.193084e+01  2.015747e+00
  3.306270e+01  1.618021e+01  3.954695e+00  1.208911e+01  2.015339e+00
  3.392748e+01  1.639433e+01  3.955870e+00  1.225018e+01  2.014939e+00
  3.481962e+01  1.661231e+01  3.957021e+00  1.241415e+01  2.014548e+00
  3.574010e+01  1.683424e+01  3.958146e+00  1.258109e+01  2.014165e+00
  3.668991e+01  1.706020e+01  3.959242e+00  1.275108e+01  2.013791e+00
  3.767014e+01  1.729029e+01  3.960309e+00  1.292419e+01  2.013425e+00
  3.868185e+01  1.752459e+01  3.961346e+00  1.310049e+01  2.013067e+00
  3.972616e+01  1.776319e+01  3.962354e+00  1.328005e+01  2.012718e+00
  4.080425e+01  1.800619e+01  3.963333e+00  1.346293e+01  2.012376e+00
  4.191741e+01  1.825368e+01  3.964289e+00  1.364918e+01  2.012041e+00
  4.306695e+01  1.850577e+01  3.965227e+00  1.383886e+01  2.011714e+00
  4.425423e+01  1.876256e+01  3.966151e+00  1.403201e+01  2.011395e+00
  4.548060e+01  1.902415e+01  3.967067e+00  1.422871e+01  2.011083e+00
  4.674742e+01  1.929065e+01  3.967971e+00  1.442906e+01  2.010778e+00
  4.805604e+01  1.956216e+01  3.968861e+00  1.463316e+01  2.010480e+00
  4.940786e+01  1.983881e+01  3.969733e+00  1.484113e+01  2.010189e+00
  5.080439e+01  2.012070e+01  3.970587e+00  1.505307e+01  2.009905e+00
  5.224749e+01  2.040796e+01  3.971417e+00  1.526906e+01  2.009627e+00
  5.373912e+01  2.070070e+01  3.972224e+00  1.548917e+01  2.009356e+00
  5.528130e+01  2.099906e+01  3.973004e+00  1.571348e+01  2.009092e+00
  5.687607e+01  2.130316e+01  3.973755e+00  1.594206e+01  2.008834e+00
  5.852553e+01  2.161312e+01  3.974482e+00  1.617502e+01  2.008582e+00
  6.023179e+01  2.192910e+01  3.975188e+00  1.641246e+01  2.008336e+00
  6.199702e+01  2.225121e+01  3.975878e+00  1.665451e+01  2.008096e+00
  6.382343e+01  2.257962e+01  3.976559e+00  1.690128e+01  2.007861e+00
  6.571331e+01  2.291445e+01  3.977230e+00  1.715288e+01  2.007633e+00
  6.766898e+01  2.325587e+01  3.977892e+00  1.740942e+01  2.007409e+00
  6.969283e+01  2.360403e+01  3.978542e+00  1.767101e+01  2.007192e+00
  7.178731e+01  2.395908e+01  3.979182e+00  1.793776e+01  2.006980e+00
  7.395515e+01  2.432118e+01  3.979808e+00  1.820981e+01  2.006773e+00
  7.619947e+01  2.469050e+01  3.980421e+00  1.848727e+01  2.006572e+00
  7.852345e+01  2.506722e+01  3.981018e+00  1.877027e+01  2.006376e+00
  8.093035e+01  2.545150e+01  3.981598e+00  1.905896e+01  2.006185e+00
  8.342355e+01  2.584353e+01  3.982161e+00  1.935346e+01  2.005998e+00
  8.600660e+01  2.624350e+01  3.982705e+00  1.965391e+01  2.005816e+00
  8.868315e+01  2.665159e+01  3.983230e+00  1.996044e+01  2.005639e+00
  9.145693e+01  2.706800e+01  3.983733e+00  2.027319e+01  2.005467e+00
  9.433180e+01  2.749292e+01  3.984217e+00  2.059230e+01  2.005299e+00
  9.731191e+01  2.792657e+01  3.984683e+00  2.091793e+01  2.005136e+00
  1.004016e+02  2.836916e+01  3.985137e+00  2.125026e+01  2.004976e+00
  1.036054e+02  2.882090e+01  3.985586e+00  2.158947e+01  2.004822e+00
  1.069278e+02  2.928202e+01  3.986034e+00  2.193574e+01  2.004671e+00
  1.103738e+02  2.975274e+01  3.986482e+00  2.228925e+01  2.004524e+00
  1.139487e+02  3.023331e+01  3.986922e+00  2.265015e+01  2.004381e+00
  1.176580e+02  3.072397e+01  3.987350e+00  2.301861e+01  2.004242e+00
  1.215074e+02  3.122497e+01  3.987757e+00  2.339478e+01  2.004107e+00
  1.255027e+02  3.173655e+01  3.988142e+00  2.377885e+01  2.003975e+00
  1.296499e+02  3.225900e+01  3.988507e+00  2.417103e+01  2.003847e+00
  1.339553e+02  3.279257e+01  3.988860e+00  2.457153e+01  2.003723e+00
  1.384253e+02  3.333756e+01  3.989207e+00  2.498058e+01  2.003602e+00
  1.430665e+02  3.389423e+01  3.989553e+00  2.539841e+01  2.003485e+00
  1.478865e+02  3.446290e+01  3.989898e+00  2.582524e+01  2.003371e+00
  1.528936e+02  3.504386e+01  3.990238e+00  2.626131e+01  2.003260e+00
  1.580961e+02  3.563743e+01  3.990570e+00  2.670683e+01  2.003152e+00
  1.635027e+02  3.624393e+01  3.990888e+00  2.716205e+01  2.003048e+00
  1.691223e+02  3.686369e+01  3.991192e+00  2.762720e+01  2.002946e+00
  1.749642e+02  3.749705e+01  3.991483e+00  2.810256e+01  2.002847e+00
  1.810380e+02  3.814436e+01  3.991766e+00  2.858837e+01  2.002751e+00
  1.873535e+02  3.880598e+01  3.992044e+00  2.908492e+01  2.002658e+00
  1.939208e+02  3.948228e+01  3.992319e+00  2.959246e+01  2.002567e+00
  2.007510e+02  4.017364e+01  3.992592e+00  3.011131e+01  2.002479e+00
  2.078563e+02  4.088046e+01  3.992859e+00  3.064175e+01  2.002394e+00
  2.152486e+02  4.160315e+01  3.993118e+00  3.118411e+01  2.002312e+00
  2.229405e+02  4.234212e+01  3.993368e+00  3.173869e+01  2.002232e+00
  2.309454e+02  4.309779e+01  3.993606e+00  3.230582e+01  2.002155e+00
  2.392785e+02  4.387061e+01  3.993832e+00  3.288582e+01  2.002079e+00
  2.479554e+02  4.466104e+01  3.994045e+00  3.347904e+01  2.002006e+00
  2.569920e+02  4.546955e+01  3.994246e+00  3.408581e+01  2.001935e+00
  2.664048e+02  4.629662e+01  3.994435e+00  3.470648e+01  2.001867e+00
  2.762111e+02  4.714274e+01  3.994613e+00  3.534143e+01  2.001800e+00
  2.864290e+02  4.800843e+01  3.994784e+00  3.599104e+01  2.001736e+00
  2.970770e+02  4.889423e+01  3.994953e+00  3.665569e+01  2.001674e+00
  3.081740e+02  4.980066e+01  3.995122e+00  3.733578e+01  2.001613e+00
  3.197401e+02  5.072830e+01  3.995295e+00  3.803174e+01  2.001555e+00
  3.317981e+02  5.167772e+01  3.995469e+00  3.874401e+01  2.001498e+00
  3.443714e+02  5.264952e+01  3.995644e+00  3.947306e+01  2.001444e+00
  3.574841e+02  5.364432e+01  3.995816e+00  4.021938e+01  2.001391e+00
  3.711609e+02  5.466274e+01  3.995984e+00  4.098344e+01  2.001339e+00
  3.854292e+02  5.570545e+01  3.996147e+00  4.176574e+01  2.001290e+00
  4.003186e+02  5.677311e+01  3.996301e+00  4.256677e+01  2.001241e+00
  4.158598e+02  5.786642e+01  3.996446e+00  4.338703e+01  2.001195e+00
  4.320840e+02  5.898611e+01  3.996580e+00  4.422705e+01  2.001150e+00
  4.490237e+02  6.013289e+01  3.996702e+00  4.508734e+01  2.001106e+00
  4.667143e+02  6.130754e+01  3.996813e+00  4.596849e+01  2.001064e+00
  4.851931e+02  6.251086e+01  3.996916e+00  4.687112e+01  2.001024e+00
  5.044982e+02  6.374365e+01  3.997016e+00  4.779586e+01  2.000984e+00
  5.246685e+02  6.500674e+01  3.997115e+00  4.874333e+01  2.000946e+00
  5.457457e+02  6.630100e+01  3.997216e+00  4.971420e+01  2.000910e+00
  5.677761e+02  6.762732e+01  3.997320e+00  5.070914e+01  2.000874e+00
  5.908077e+02  6.898663e+01  3.997427e+00  5.172885e+01  2.000840e+00
  6.148899e+02  7.037989e+01  3.997536e+00  5.277402e+01  2.000807e+00
  6.400731e+02  7.180805e+01  3.997648e+00  5.384539e+01  2.000776e+00
  6.664128e+02  7.327214e+01  3.997761e+00  5.494371e+01  2.000745e+00
  6.939701e+02  7.477321e+01  3.997872e+00  5.606978e+01  2.000715e+00
  7.228080e+02  7.631235e+01  3.997977e+00  5.722440e+01  2.000687e+00
  7.529910e+02  7.789068e+01  3.998071e+00  5.840841e+01  2.000659e+00
  7.845854e+02  7.950931e+01  3.998152e+00  5.962267e+01  2.000633e+00
  8.176651e+02  8.116946e+01  3.998220e+00  6.086806e+01  2.000607e+00
  8.523091e+02  8.287237e+01  3.998279e+00  6.214551e+01  2.000582e+00
  8.885988e+02  8.461932e+01  3.998335e+00  6.345598e+01  2.000559e+00
  9.266171e+02  8.641160e+01  3.998392e+00  6.480042e+01  2.000536e+00
  9.664508e+02  8.825056e+01  3.998455e+00  6.617985e+01  2.000514e+00
  1.008198e+03  9.013762e+01  3.998520e+00  6.759532e+01  2.000493e+00
  1.051962e+03  9.207424e+01  3.998586e+00  6.904794e+01  2.000472e+00
  1.097850e+03  9.406192e+01  3.998648e+00  7.053883e+01  2.000452e+00
  1.145969e+03  9.610221e+01  3.998702e+00  7.206916e+01  2.000433e+00
  1.196437e+03  9.819667e+01  3.998746e+00  7.364011e+01  2.000415e+00
  1.249382e+03  1.003470e+02  3.998784e+00  7.525294e+01  2.000397e+00
  1.304941e+03  1.025549e+02  3.998820e+00  7.690898e+01  2.000380e+00
  1.363254e+03  1.048222e+02  3.998861e+00  7.860956e+01  2.000364e+00
  1.424464e+03  1.071507e+02  3.998910e+00  8.035605e+01  2.000348e+00
  1.488725e+03  1.095422e+02  3.998972e+00  8.214985e+01  2.000333e+00
  1.556212e+03  1.119988e+02  3.999039e+00  8.399246e+01  2.000319e+00
  1.627106e+03  1.145225e+02  3.999106e+00  8.588540e+01  2.000305e+00
  1.701593e+03  1.171154e+02  3.999166e+00  8.783023e+01  2.000292e+00
  1.779864e+03  1.197797e+02  3.999212e+00  8.982854e+01  2.000279e+00
  1.862126e+03  1.225175e+02  3.999240e+00  9.188202e+01  2.000267e+00
  1.948611e+03  1.253313e+02  3.999258e+00  9.399246e+01  2.000255e+00
  2.039560e+03  1.282236e+02  3.999271e+00  9.616171e+01  2.000244e+00
  2.135220e+03  1.311967e+02  3.999286e+00  9.839166e+01  2.000233e+00
  2.235841e+03  1.342532e+02  3.999311e+00  1.006842e+02  2.000222e+00
  2.341704e+03  1.373959e+02  3.999347e+00  1.030415e+02  2.000212e+00
  2.453121e+03  1.406275e+02  3.999390e+00  1.054654e+02  2.000202e+00
  2.570416e+03  1.439510e+02  3.999436e+00  1.079583e+02  2.000193e+00
  2.693920e+03  1.473693e+02  3.999478e+00  1.105223e+02  2.000184e+00
  2.823973e+03  1.508854e+02  3.999514e+00  1.131596e+02  2.000175e+00
  2.960953e+03  1.545026e+02  3.999539e+00  1.158727e+02  2.000167e+00
  3.105283e+03  1.582242e+02  3.999558e+00  1.186641e+02  2.000159e+00
  3.257397e+03  1.620538e+02  3.999574e+00  1.215364e+02  2.000152e+00
  3.417743e+03  1.659948e+02  3.999590e+00  1.244923e+02  2.000145e+00
  3.586777e+03  1.700508e+02  3.999609e+00  1.275344e+02  2.000138e+00
  3.765013e+03  1.742258e+02  3.999632e+00  1.306658e+02  2.000132e+00
  3.953025e+03  1.785238e+02  3.999655e+00  1.338893e+02  2.000126e+00
  4.151406e+03  1.829489e+02  3.999677e+00  1.372082e+02  2.000120e+00
  4.360762e+03  1.875054e+02  3.999694e+00  1.406256e+02  2.000114e+00
  4.581717e+03  1.921977e+02  3.999703e+00  1.441448e+02  2.000109e+00
  4.814967e+03  1.970303e+02  3.999703e+00  1.477691e+02  2.000103e+00
  5.061298e+03  2.020082e+02  3.999700e+00  1.515024e+02  2.000098e+00
  5.321518e+03  2.071362e+02  3.999696e+00  1.553484e+02  2.000093e+00
  5.596457e+03  2.124197e+02  3.999696e+00  1.593110e+02  2.000089e+00
  5.886964e+03  2.178638e+02  3.999705e+00  1.633941e+02  2.000084e+00
  6.193992e+03  2.234740e+02  3.999722e+00  1.676020e+02  2.000080e+00
  6.518620e+03  2.292562e+02  3.999746e+00  1.719389e+02  2.000076e+00
  6.861963e+03  2.352165e+02  3.999770e+00  1.764094e+02  2.000072e+00
  7.225164e+03  2.413611e+02  3.999790e+00  1.810180e+02  2.000068e+00
  7.609395e+03  2.476962e+02  3.999803e+00  1.857694e+02  2.000065e+00
  8.015958e+03  2.542286e+02  3.999806e+00  1.906686e+02  2.000062e+00
  8.446348e+03  2.609655e+02  3.999803e+00  1.957211e+02  2.000059e+00
  8.902115e+03  2.679140e+02  3.999799e+00  2.009323e+02  2.000056e+00
  9.384846e+03  2.750818e+02  3.999797e+00  2.063079e+02  2.000053e+00
  9.896169e+03  2.824765e+02  3.999802e+00  2.118539e+02  2.000050e+00
  1.043787e+04  2.901061e+02  3.999817e+00  2.175761e+02  2.000048e+00
  1.101202e+04  2.979793e+02  3.999837e+00  2.234812e+02  2.000045e+00
  1.162080e+04  3.061051e+02  3.999861e+00  2.295758e+02  2.000042e+00
  1.226641e+04  3.144925e+02  3.999884e+00  2.358666e+02  2.000040e+00
  1.295114e+04  3.231509e+02  3.999901e+00  2.423607e+02  2.000038e+00
  1.367744e+04  3.320901e+02  3.999911e+00  2.490653e+02  2.000036e+00
  1.444821e+04  3.413205e+02  3.999914e+00  2.559883e+02  2.000034e+00
  1.526651e+04  3.508530e+02  3.999912e+00  2.631378e+02  2.000032e+00
  1.613547e+04  3.606989e+02  3.999907e+00  2.705222e+02  2.000031e+00
  1.705828e+04  3.708695e+02  3.999900e+00  2.781501e+02  2.000029e+00
  1.803836e+04  3.813766e+02  3.999894e+00  2.860303e+02  2.000028e+00
  1.907976e+04  3.922331e+02  3.999889e+00  2.941726e+02  2.000026e+00
  2.018683e+04  4.034524e+02  3.999887e+00  3.025868e+02  2.000025e+00
  2.136401e+04  4.150481e+02  3.999889e+00  3.112835e+02  2.000024e+00
  2.261587e+04  4.270342e+02  3.999897e+00  3.202731e+02  2.000022e+00
  2.394716e+04  4.394251e+02  3.999912e+00  3.295665e+02  2.000021e+00
  2.536357e+04  4.522364e+02  3.999931e+00  3.391753e+02  2.000020e+00
  2.687131e+04  4.654847e+02  3.999954e+00  3.491120e+02  2.000019e+00
  2.847675e+04  4.791868e+02  3.999975e+00  3.593890e+02  2.000017e+00
  3.018644e+04  4.933599e+02  3.999994e+00  3.700193e+02  2.000016e+00
  3.200714e+04  5.080217e+02  4.000006e+00  3.810160e+02  2.000015e+00
  3.394673e+04  5.231912e+02  4.000011e+00  3.923933e+02  2.000015e+00
  3.601417e+04  5.388888e+02  4.000011e+00  4.041667e+02  2.000014e+00
  3.821869e+04  5.551354e+02  4.000007e+00  4.163517e+02  2.000013e+00
  4.056972e+04  5.719521e+02  4.000003e+00  4.289643e+02  2.000012e+00
  4.307697e+04  5.893610e+02  3.999999e+00  4.420210e+02  2.000012e+00
  4.575142e+04  6.073851e+02  3.999997e+00  4.555391e+02  2.000011e+00
  4.860603e+04  6.260497e+02  3.999997e+00  4.695376e+02  2.000011e+00
  5.165426e+04  6.453806e+02  3.999998e+00  4.840359e+02  2.000010e+00
  5.490989e+04  6.654044e+02  3.999999e+00  4.990538e+02  2.000010e+00
  5.838705e+04  6.861482e+02  4.000000e+00  5.146116e+02  2.000009e+00
  6.210112e+04  7.076402e+02  4.000001e+00  5.307307e+02  2.000008e+00
  6.607082e+04  7.299118e+02  4.000001e+00  5.474344e+02  2.000008e+00
  7.031597e+04  7.529952e+02  4.000001e+00  5.647469e+02  2.000007e+00
  7.485690e+04  7.769235e+02  4.000000e+00  5.826932e+02  2.000007e+00
  7.971447e+04  8.017306e+02  4.000000e+00  6.012985e+02  2.000006e+00
  8.491055e+04  8.274515e+02  4.000000e+00  6.205891e+02  2.000006e+00
  9.047175e+04  8.541244e+02  4.000000e+00  6.405938e+02  2.000005e+00
  9.642738e+04  8.817900e+02  4.000000e+00  6.613429e+02  2.000005e+00
  1.028075e+05  9.104896e+02  4.000000e+00  6.828676e+02  2.000005e+00
  1.096430e+05  9.402658e+02  4.000000e+00  7.051996e+02  2.000004e+00
  1.169656e+05  9.711619e+02  4.000000e+00  7.283716e+02  2.000004e+00
  1.248131e+05  1.003225e+03  4.000000e+00  7.524190e+02  2.000004e+00
  1.332297e+05  1.036507e+03  4.000000e+00  7.773800e+02  2.000003e+00
  1.422615e+05  1.071059e+03  4.000000e+00  8.032940e+02  2.000003e+00
  1.519551e+05  1.106936e+03  4.000000e+00  8.302013e+02  2.000003e+00
  1.623589e+05  1.144192e+03  4.000000e+00  8.581432e+02  2.000003e+00
  1.735257e+05  1.182885e+03  4.000000e+00  8.871629e+02  2.000003e+00
  1.855191e+05  1.223078e+03  4.000000e+00  9.173082e+02  2.000004e+00
  1.984061e+05  1.264839e+03  4.000000e+00  9.486282e+02  2.000004e+00
  2.122554e+05  1.308232e+03  4.000000e+00  9.811736e+02  2.000003e+00
  2.271373e+05  1.353328e+03  4.000000e+00  1.014996e+03  2.000002e+00
  2.431266e+05  1.400198e+03  4.000000e+00  1.050148e+03  2.000001e+00
  2.603225e+05  1.448923e+03  3.999999e+00  1.086692e+03  1.999999e+00
  2.788369e+05  1.499589e+03  3.999999e+00  1.124692e+03  1.999997e+00
  2.987848e+05  1.552284e+03  3.999999e+00  1.164213e+03  1.999997e+00
  3.202843e+05  1.607100e+03  3.999999e+00  1.205325e+03  1.999999e+00
  3.434565e+05  1.664129e+03  4.000001e+00  1.248097e+03  2.000003e+00
  3.684295e+05  1.723467e+03  4.000003e+00  1.292601e+03  2.000010e+00
  3.953400e+05  1.785215e+03  4.000004e+00  1.338911e+03  2.000016e+00
  4.243281e+05  1.849473e+03  4.000005e+00  1.387105e+03  2.000018e+00
  4.555380e+05  1.916348e+03  4.000004e+00  1.437261e+03  2.000015e+00
