#         q            M           r           M*(1-1/r)        s
  1.010000e+00  1.273000e+00  1.403000e+00  3.660000e-01  8.444080e+00
  1.010228e+00  1.275181e+00  1.406582e+00  3.681353e-01  8.379113e+00
  1.010407e+00  1.277381e+00  1.409145e+00  3.705891e-01  8.332547e+00
  1.010569e+00  1.279601e+00  1.411680e+00  3.734514e-01  8.287008e+00
  1.010765e+00  1.281841e+00  1.414965e+00  3.765533e-01  8.229098e+00
  1.011053e+00  1.284100e+00  1.418765e+00  3.791486e-01  8.163781e+00
  1.011336e+00  1.286379e+00  1.422199e+00  3.814094e-01  8.105738e+00
  1.011491e+00  1.288679e+00  1.424852e+00  3.842440e-01  8.060952e+00
  1.011722e+00  1.290999e+00  1.427997e+00  3.873196e-01  8.009134e+00
  1.012041e+00  1.293339e+00  1.431988e+00  3.904696e-01  7.944459e+00
  1.012272e+00  1.295701e+00  1.435856e+00  3.936426e-01  7.882316e+00
  1.012507e+00  1.298084e+00  1.439057e+00  3.961381e-01  7.832034e+00
  1.012746e+00  1.300488e+00  1.441862e+00  3.985265e-01  7.788962e+00
  1.012977e+00  1.302913e+00  1.444886e+00  4.015179e-01  7.743094e+00
  1.013280e+00  1.305361e+00  1.448807e+00  4.048941e-01  7.684664e+00
  1.013597e+00  1.307830e+00  1.452849e+00  4.079083e-01  7.624949e+00
  1.013840e+00  1.310321e+00  1.456011e+00  4.103138e-01  7.578540e+00
  1.014068e+00  1.312835e+00  1.458995e+00  4.131227e-01  7.535797e+00
  1.014346e+00  1.315372e+00  1.462729e+00  4.165194e-01  7.483285e+00
  1.014691e+00  1.317932e+00  1.467288e+00  4.199205e-01  7.419879e+00
  1.015029e+00  1.320515e+00  1.470948e+00  4.225333e-01  7.370568e+00
  1.015314e+00  1.323121e+00  1.474247e+00  4.252723e-01  7.326224e+00
  1.015573e+00  1.325751e+00  1.477848e+00  4.286664e-01  7.277643e+00
  1.015892e+00  1.328405e+00  1.481640e+00  4.321400e-01  7.228718e+00
  1.016238e+00  1.331083e+00  1.485397e+00  4.351067e-01  7.180916e+00
  1.016573e+00  1.333786e+00  1.489101e+00  4.377677e-01  7.133750e+00
  1.016914e+00  1.336513e+00  1.492975e+00  4.410704e-01  7.085948e+00
  1.017258e+00  1.339265e+00  1.496884e+00  4.445923e-01  7.037904e+00
  1.017605e+00  1.342043e+00  1.500863e+00  4.480546e-01  6.989148e+00
  1.017960e+00  1.344846e+00  1.505027e+00  4.516453e-01  6.939827e+00
  1.018292e+00  1.347675e+00  1.508603e+00  4.547217e-01  6.897974e+00
  1.018636e+00  1.350529e+00  1.511894e+00  4.574983e-01  6.860014e+00
  1.019061e+00  1.353411e+00  1.516049e+00  4.609064e-01  6.813502e+00
  1.019479e+00  1.356319e+00  1.520704e+00  4.647454e-01  6.761919e+00
  1.019829e+00  1.359253e+00  1.524925e+00  4.682705e-01  6.715308e+00
  1.020169e+00  1.362216e+00  1.528404e+00  4.711383e-01  6.677477e+00
  1.020575e+00  1.365205e+00  1.532528e+00  4.744743e-01  6.633593e+00
  1.021033e+00  1.368223e+00  1.537211e+00  4.782513e-01  6.584318e+00
  1.021457e+00  1.371268e+00  1.540949e+00  4.812570e-01  6.545628e+00
  1.021899e+00  1.374342e+00  1.545272e+00  4.845679e-01  6.501868e+00
  1.022365e+00  1.377445e+00  1.550265e+00  4.885779e-01  6.452041e+00
  1.022804e+00  1.380577e+00  1.554364e+00  4.924298e-01  6.411980e+00
  1.023243e+00  1.383738e+00  1.558295e+00  4.957440e-01  6.373899e+00
  1.023690e+00  1.386929e+00  1.562505e+00  4.989235e-01  6.333381e+00
  1.024135e+00  1.390150e+00  1.566803e+00  5.027204e-01  6.292836e+00
  1.024612e+00  1.393402e+00  1.570966e+00  5.066749e-01  6.254355e+00
  1.025146e+00  1.396684e+00  1.575415e+00  5.106043e-01  6.213905e+00
  1.025726e+00  1.399997e+00  1.580931e+00  5.148211e-01  6.164178e+00
  1.026287e+00  1.403342e+00  1.586099e+00  5.183860e-01  6.118593e+00
  1.026809e+00  1.406719e+00  1.590345e+00  5.217870e-01  6.081939e+00
  1.027318e+00  1.410128e+00  1.594228e+00  5.258492e-01  6.048616e+00
  1.027842e+00  1.413569e+00  1.598591e+00  5.296076e-01  6.011840e+00
  1.028407e+00  1.417043e+00  1.603562e+00  5.330457e-01  5.970714e+00
  1.029031e+00  1.420550e+00  1.608587e+00  5.371715e-01  5.929765e+00
  1.029691e+00  1.424091e+00  1.613810e+00  5.416214e-01  5.887834e+00
  1.030305e+00  1.427667e+00  1.618743e+00  5.456994e-01  5.848635e+00
  1.030833e+00  1.431276e+00  1.623007e+00  5.492310e-01  5.815216e+00
  1.031434e+00  1.434920e+00  1.627979e+00  5.531967e-01  5.777291e+00
  1.032107e+00  1.438600e+00  1.633439e+00  5.577453e-01  5.736222e+00
  1.032731e+00  1.442315e+00  1.638115e+00  5.621708e-01  5.701260e+00
  1.033327e+00  1.446067e+00  1.642578e+00  5.660619e-01  5.668705e+00
  1.033973e+00  1.449854e+00  1.647588e+00  5.698422e-01  5.632917e+00
  1.034735e+00  1.453679e+00  1.653433e+00  5.743543e-01  5.591278e+00
  1.035478e+00  1.457541e+00  1.658834e+00  5.791082e-01  5.553354e+00
  1.036180e+00  1.461440e+00  1.663767e+00  5.834528e-01  5.519638e+00
  1.036904e+00  1.465378e+00  1.669017e+00  5.873098e-01  5.484416e+00
  1.037622e+00  1.469355e+00  1.674325e+00  5.917302e-01  5.449093e+00
  1.038373e+00  1.473371e+00  1.679708e+00  5.963971e-01  5.413747e+00
  1.039198e+00  1.477426e+00  1.685271e+00  6.003984e-01  5.377983e+00
  1.039933e+00  1.481521e+00  1.690280e+00  6.048457e-01  5.346132e+00
  1.040636e+00  1.485657e+00  1.695074e+00  6.096318e-01  5.316111e+00
  1.041508e+00  1.489834e+00  1.700685e+00  6.137900e-01  5.281706e+00
  1.042462e+00  1.494052e+00  1.706746e+00  6.183491e-01  5.244907e+00
  1.043362e+00  1.498312e+00  1.712612e+00  6.233417e-01  5.209740e+00
  1.044168e+00  1.502615e+00  1.717988e+00  6.276411e-01  5.178353e+00
  1.044965e+00  1.506961e+00  1.723079e+00  6.320983e-01  5.149069e+00
  1.045855e+00  1.511350e+00  1.728511e+00  6.372150e-01  5.118122e+00
  1.046890e+00  1.515783e+00  1.734971e+00  6.425282e-01  5.081922e+00
  1.047874e+00  1.520261e+00  1.741204e+00  6.472931e-01  5.047432e+00
  1.048757e+00  1.524784e+00  1.746736e+00  6.517713e-01  5.017336e+00
  1.049707e+00  1.529353e+00  1.752512e+00  6.569675e-01  4.986565e+00
  1.050757e+00  1.533968e+00  1.758628e+00  6.620945e-01  4.954498e+00
  1.051821e+00  1.538630e+00  1.764651e+00  6.666494e-01  4.923295e+00
  1.052770e+00  1.543339e+00  1.770068e+00  6.711723e-01  4.895562e+00
  1.053733e+00  1.548096e+00  1.775660e+00  6.762380e-01  4.867431e+00
  1.054835e+00  1.552902e+00  1.782078e+00  6.818007e-01  4.835721e+00
  1.056018e+00  1.557757e+00  1.788790e+00  6.867561e-01  4.803230e+00
  1.057188e+00  1.562661e+00  1.795196e+00  6.918151e-01  4.772684e+00
  1.058298e+00  1.567616e+00  1.801101e+00  6.974907e-01  4.744831e+00
  1.059389e+00  1.572622e+00  1.806911e+00  7.026208e-01  4.717822e+00
  1.060568e+00  1.577680e+00  1.813322e+00  7.077415e-01  4.688545e+00
  1.061887e+00  1.582790e+00  1.820540e+00  7.136414e-01  4.656140e+00
  1.063192e+00  1.587953e+00  1.827243e+00  7.190731e-01  4.626612e+00
  1.064498e+00  1.593169e+00  1.833668e+00  7.241539e-01  4.598696e+00
  1.065830e+00  1.598440e+00  1.840325e+00  7.294506e-01  4.569925e+00
  1.067028e+00  1.603766e+00  1.846441e+00  7.346667e-01  4.543974e+00
  1.068236e+00  1.609148e+00  1.852581e+00  7.401610e-01  4.518544e+00
  1.069668e+00  1.614586e+00  1.859627e+00  7.463401e-01  4.489736e+00
  1.071049e+00  1.620081e+00  1.866321e+00  7.521187e-01  4.462708e+00
  1.072403e+00  1.625634e+00  1.872747e+00  7.576139e-01  4.437280e+00
  1.074007e+00  1.631246e+00  1.880150e+00  7.639080e-01  4.408493e+00
  1.075577e+00  1.636917e+00  1.887405e+00  7.700438e-01  4.380553e+00
  1.077011e+00  1.642648e+00  1.894088e+00  7.756550e-01  4.355189e+00
  1.078529e+00  1.648440e+00  1.901045e+00  7.814411e-01  4.329377e+00
  1.080132e+00  1.654294e+00  1.908192e+00  7.872478e-01  4.303278e+00
  1.081778e+00  1.660210e+00  1.915420e+00  7.931645e-01  4.277172e+00
  1.083455e+00  1.666190e+00  1.922889e+00  7.997743e-01  4.250528e+00
  1.085095e+00  1.672234e+00  1.930066e+00  8.063405e-01  4.225471e+00
  1.086732e+00  1.678343e+00  1.936948e+00  8.123812e-01  4.202015e+00
  1.088548e+00  1.684518e+00  1.944540e+00  8.184907e-01  4.176204e+00
  1.090409e+00  1.690759e+00  1.952329e+00  8.247656e-01  4.150032e+00
  1.092164e+00  1.697068e+00  1.959606e+00  8.310715e-01  4.126231e+00
  1.093964e+00  1.703446e+00  1.966922e+00  8.374436e-01  4.102615e+00
  1.095868e+00  1.709893e+00  1.974578e+00  8.438934e-01  4.078224e+00
  1.097832e+00  1.716411e+00  1.982420e+00  8.504110e-01  4.053732e+00
  1.099760e+00  1.723000e+00  1.989759e+00  8.569993e-01  4.031082e+00
  1.101699e+00  1.729661e+00  1.997010e+00  8.636607e-01  4.008996e+00
  1.103770e+00  1.736395e+00  2.005131e+00  8.703957e-01  3.984664e+00
  1.105897e+00  1.743204e+00  2.013193e+00  8.772028e-01  3.960832e+00
  1.108019e+00  1.750088e+00  2.020791e+00  8.840871e-01  3.938760e+00
  1.110166e+00  1.757048e+00  2.028628e+00  8.910550e-01  3.916479e+00
  1.112349e+00  1.764086e+00  2.036683e+00  8.980762e-01  3.893908e+00
  1.114610e+00  1.771202e+00  2.044824e+00  9.051835e-01  3.871335e+00
  1.117020e+00  1.778397e+00  2.053181e+00  9.124860e-01  3.848454e+00
  1.119444e+00  1.785673e+00  2.061463e+00  9.195674e-01  3.826218e+00
  1.121765e+00  1.793031e+00  2.069423e+00  9.262435e-01  3.805332e+00
  1.124137e+00  1.800472e+00  2.077420e+00  9.333692e-01  3.784542e+00
  1.126599e+00  1.807996e+00  2.085596e+00  9.409963e-01  3.763444e+00
  1.129107e+00  1.815606e+00  2.093914e+00  9.486008e-01  3.742346e+00
  1.131757e+00  1.823302e+00  2.102530e+00  9.563482e-01  3.720912e+00
  1.134489e+00  1.831086e+00  2.111216e+00  9.641222e-01  3.699686e+00
  1.137083e+00  1.838958e+00  2.119431e+00  9.714213e-01  3.679960e+00
  1.139777e+00  1.846920e+00  2.127931e+00  9.788480e-01  3.659864e+00
  1.142748e+00  1.854974e+00  2.137190e+00  9.869309e-01  3.638199e+00
  1.145715e+00  1.863121e+00  2.146206e+00  9.952081e-01  3.617367e+00
  1.148559e+00  1.871361e+00  2.154656e+00  1.003308e+00  3.598129e+00
  1.151371e+00  1.879696e+00  2.162889e+00  1.011090e+00  3.579686e+00
  1.154457e+00  1.888129e+00  2.171749e+00  1.018727e+00  3.560191e+00
  1.157770e+00  1.896659e+00  2.181133e+00  1.026668e+00  3.539884e+00
  1.160951e+00  1.905289e+00  2.190115e+00  1.035330e+00  3.520796e+00
  1.164092e+00  1.914019e+00  2.198980e+00  1.043849e+00  3.502200e+00
  1.167374e+00  1.922852e+00  2.208139e+00  1.051965e+00  3.483194e+00
  1.170873e+00  1.931789e+00  2.217591e+00  1.060752e+00  3.463943e+00
  1.174397e+00  1.940831e+00  2.226954e+00  1.069778e+00  3.445162e+00
  1.177795e+00  1.949980e+00  2.235972e+00  1.078312e+00  3.427270e+00
  1.181319e+00  1.959237e+00  2.245072e+00  1.086858e+00  3.409486e+00
  1.185041e+00  1.968605e+00  2.254498e+00  1.095630e+00  3.391381e+00
  1.188844e+00  1.978084e+00  2.264176e+00  1.104480e+00  3.373103e+00
  1.192650e+00  1.987677e+00  2.273678e+00  1.113440e+00  3.355368e+00
  1.196465e+00  1.997385e+00  2.282911e+00  1.122545e+00  3.338356e+00
  1.200389e+00  2.007209e+00  2.292363e+00  1.131761e+00  3.321314e+00
  1.204481e+00  2.017152e+00  2.302139e+00  1.141080e+00  3.303949e+00
  1.208715e+00  2.027215e+00  2.312026e+00  1.150514e+00  3.286504e+00
  1.212892e+00  2.037401e+00  2.321618e+00  1.160064e+00  3.269863e+00
  1.217143e+00  2.047710e+00  2.331248e+00  1.169777e+00  3.253509e+00
  1.221815e+00  2.058145e+00  2.341695e+00  1.179668e+00  3.235986e+00
  1.226499e+00  2.068708e+00  2.351986e+00  1.189312e+00  3.218930e+00
  1.230920e+00  2.079401e+00  2.361520e+00  1.198736e+00  3.203399e+00
  1.235433e+00  2.090225e+00  2.371217e+00  1.208812e+00  3.187871e+00
  1.240181e+00  2.101183e+00  2.381268e+00  1.219167e+00  3.171982e+00
  1.245133e+00  2.112277e+00  2.391407e+00  1.228994e+00  3.156135e+00
  1.250280e+00  2.123508e+00  2.401803e+00  1.239205e+00  3.140144e+00
  1.255532e+00  2.134880e+00  2.412371e+00  1.250028e+00  3.124138e+00
  1.260735e+00  2.146394e+00  2.422645e+00  1.260422e+00  3.108733e+00
  1.266053e+00  2.158052e+00  2.432931e+00  1.270893e+00  3.093561e+00
  1.271646e+00  2.169857e+00  2.443584e+00  1.282106e+00  3.078179e+00
  1.277321e+00  2.181811e+00  2.454204e+00  1.293330e+00  3.063059e+00
  1.282911e+00  2.193917e+00  2.464503e+00  1.304072e+00  3.048548e+00
  1.288406e+00  2.206176e+00  2.474512e+00  1.314411e+00  3.034598e+00
  1.294281e+00  2.218591e+00  2.484946e+00  1.325401e+00  3.020271e+00
  1.300696e+00  2.231165e+00  2.496055e+00  1.337467e+00  3.005253e+00
  1.306815e+00  2.243900e+00  2.506621e+00  1.348991e+00  2.991166e+00
  1.312814e+00  2.256799e+00  2.516908e+00  1.359963e+00  2.977692e+00
  1.319485e+00  2.269864e+00  2.528066e+00  1.371582e+00  2.963323e+00
  1.326224e+00  2.283098e+00  2.539084e+00  1.383803e+00  2.949250e+00
  1.332671e+00  2.296505e+00  2.549393e+00  1.396109e+00  2.936196e+00
  1.339638e+00  2.310086e+00  2.560343e+00  1.407981e+00  2.922608e+00
  1.347018e+00  2.323844e+00  2.571774e+00  1.419861e+00  2.908659e+00
  1.354103e+00  2.337783e+00  2.582544e+00  1.432605e+00  2.895652e+00
  1.361177e+00  2.351905e+00  2.593159e+00  1.445502e+00  2.883015e+00
  1.368613e+00  2.366213e+00  2.604193e+00  1.457994e+00  2.870091e+00
  1.376422e+00  2.380711e+00  2.615486e+00  1.470590e+00  2.857026e+00
  1.384472e+00  2.395402e+00  2.626842e+00  1.483475e+00  2.844056e+00
  1.392588e+00  2.410288e+00  2.638125e+00  1.496537e+00  2.831368e+00
  1.400772e+00  2.425374e+00  2.649325e+00  1.509894e+00  2.818942e+00
  1.409062e+00  2.440661e+00  2.660454e+00  1.523476e+00  2.806745e+00
  1.417473e+00  2.456155e+00  2.671502e+00  1.536805e+00  2.794824e+00
  1.426105e+00  2.471858e+00  2.682585e+00  1.550144e+00  2.783023e+00
  1.435086e+00  2.487774e+00  2.693874e+00  1.564214e+00  2.771086e+00
  1.444240e+00  2.503906e+00  2.705227e+00  1.578545e+00  2.759249e+00
  1.453468e+00  2.520258e+00  2.716541e+00  1.592579e+00  2.747698e+00
  1.463119e+00  2.536835e+00  2.728074e+00  1.606675e+00  2.736053e+00
  1.473125e+00  2.553639e+00  2.739724e+00  1.621099e+00  2.724383e+00
  1.482980e+00  2.570674e+00  2.751019e+00  1.635843e+00  2.713243e+00
  1.492957e+00  2.587946e+00  2.762217e+00  1.650819e+00  2.702366e+00
  1.503485e+00  2.605457e+00  2.773735e+00  1.665964e+00  2.691302e+00
  1.514248e+00  2.623212e+00  2.785319e+00  1.681436e+00  2.680336e+00
  1.525125e+00  2.641215e+00  2.796849e+00  1.697163e+00  2.669592e+00
  1.536510e+00  2.659471e+00  2.808605e+00  1.712693e+00  2.658737e+00
  1.548261e+00  2.677984e+00  2.820460e+00  1.728149e+00  2.647902e+00
  1.559924e+00  2.696758e+00  2.832049e+00  1.744006e+00  2.637487e+00
  1.571646e+00  2.715799e+00  2.843461e+00  1.760244e+00  2.627387e+00
  1.583725e+00  2.735111e+00  2.854919e+00  1.776725e+00  2.617359e+00
  1.596374e+00  2.754698e+00  2.866606e+00  1.793395e+00  2.607218e+00
  1.609452e+00  2.774566e+00  2.878428e+00  1.810333e+00  2.597064e+00
  1.622487e+00  2.794719e+00  2.890010e+00  1.827723e+00  2.587279e+00
  1.635747e+00  2.815164e+00  2.901527e+00  1.845291e+00  2.577695e+00
  1.649737e+00  2.835905e+00  2.913333e+00  1.862648e+00  2.567950e+00
  1.664035e+00  2.856947e+00  2.925133e+00  1.880125e+00  2.558310e+00
  1.678282e+00  2.878296e+00  2.936674e+00  1.898079e+00  2.549014e+00
  1.692814e+00  2.899958e+00  2.948183e+00  1.916465e+00  2.539860e+00
  1.707830e+00  2.921938e+00  2.959793e+00  1.935081e+00  2.530736e+00
  1.723271e+00  2.944243e+00  2.971451e+00  1.953636e+00  2.521700e+00
  1.739107e+00  2.966878e+00  2.983116e+00  1.972252e+00  2.512766e+00
  1.755351e+00  2.989849e+00  2.994771e+00  1.991256e+00  2.503918e+00
  1.772089e+00  3.013163e+00  3.006486e+00  2.010627e+00  2.495129e+00
  1.789334e+00  3.036826e+00  3.018280e+00  2.030303e+00  2.486406e+00
  1.806819e+00  3.060845e+00  3.029948e+00  2.050448e+00  2.477867e+00
  1.824509e+00  3.085225e+00  3.041454e+00  2.071000e+00  2.469528e+00
  1.842757e+00  3.109976e+00  3.053049e+00  2.091538e+00  2.461242e+00
  1.861575e+00  3.135102e+00  3.064710e+00  2.112142e+00  2.453011e+00
  1.880690e+00  3.160612e+00  3.076185e+00  2.133279e+00  2.444966e+00
  1.900173e+00  3.186512e+00  3.087550e+00  2.154775e+00  2.437068e+00
  1.920259e+00  3.212811e+00  3.099020e+00  2.176236e+00  2.429211e+00
  1.941064e+00  3.239515e+00  3.110624e+00  2.197848e+00  2.421362e+00
  1.962547e+00  3.266634e+00  3.122286e+00  2.219917e+00  2.413556e+00
  1.984324e+00  3.294174e+00  3.133772e+00  2.242582e+00  2.405946e+00
  2.006275e+00  3.322144e+00  3.145015e+00  2.265758e+00  2.398579e+00
  2.028799e+00  3.350552e+00  3.156256e+00  2.289071e+00  2.391291e+00
  2.052178e+00  3.379407e+00  3.167634e+00  2.312442e+00  2.383994e+00
  2.076486e+00  3.408719e+00  3.179137e+00  2.336155e+00  2.376704e+00
  2.101483e+00  3.438495e+00  3.190618e+00  2.360465e+00  2.369503e+00
  2.126771e+00  3.468745e+00  3.201875e+00  2.385506e+00  2.362499e+00
  2.152426e+00  3.499478e+00  3.212957e+00  2.410768e+00  2.355666e+00
  2.178742e+00  3.530705e+00  3.224019e+00  2.435701e+00  2.348928e+00
  2.206018e+00  3.562435e+00  3.235152e+00  2.460959e+00  2.342218e+00
  2.234382e+00  3.594678e+00  3.246370e+00  2.487229e+00  2.335513e+00
  2.263371e+00  3.627445e+00  3.257492e+00  2.514079e+00  2.328919e+00
  2.292729e+00  3.660745e+00  3.268421e+00  2.541081e+00  2.322499e+00
  2.322900e+00  3.694592e+00  3.279322e+00  2.568310e+00  2.316167e+00
  2.354082e+00  3.728994e+00  3.290264e+00  2.595849e+00  2.309887e+00
  2.385945e+00  3.763964e+00  3.301107e+00  2.623690e+00  2.303730e+00
  2.418469e+00  3.799514e+00  3.311814e+00  2.651902e+00  2.297702e+00
  2.452031e+00  3.835655e+00  3.322477e+00  2.680654e+00  2.291730e+00
  2.486642e+00  3.872400e+00  3.333121e+00  2.710062e+00  2.285812e+00
  2.521981e+00  3.909761e+00  3.343694e+00  2.740175e+00  2.280010e+00
  2.558229e+00  3.947751e+00  3.354217e+00  2.770908e+00  2.274307e+00
  2.595878e+00  3.986384e+00  3.364748e+00  2.802069e+00  2.268634e+00
  2.634679e+00  4.025674e+00  3.375223e+00  2.833423e+00  2.263029e+00
  2.674053e+00  4.065633e+00  3.385527e+00  2.864790e+00  2.257575e+00
  2.714354e+00  4.106276e+00  3.395728e+00  2.896671e+00  2.252228e+00
  2.756262e+00  4.147618e+00  3.405957e+00  2.929739e+00  2.246899e+00
  2.799539e+00  4.189675e+00  3.416166e+00  2.963550e+00  2.241624e+00
  2.843686e+00  4.232460e+00  3.426250e+00  2.997381e+00  2.236475e+00
  2.888946e+00  4.275990e+00  3.436220e+00  3.031620e+00  2.231428e+00
  2.935727e+00  4.320282e+00  3.446117e+00  3.066859e+00  2.226432e+00
  2.983930e+00  4.365352e+00  3.455945e+00  3.102699e+00  2.221504e+00
  3.033354e+00  4.411216e+00  3.465698e+00  3.138631e+00  2.216672e+00
  3.084090e+00  4.457893e+00  3.475373e+00  3.175129e+00  2.211931e+00
  3.136289e+00  4.505400e+00  3.484966e+00  3.212739e+00  2.207266e+00
  3.190009e+00  4.553755e+00  3.494459e+00  3.251021e+00  2.202677e+00
  3.245303e+00  4.602978e+00  3.503841e+00  3.289462e+00  2.198163e+00
  3.302309e+00  4.653088e+00  3.513149e+00  3.328503e+00  2.193717e+00
  3.361137e+00  4.704104e+00  3.522416e+00  3.368676e+00  2.189333e+00
  3.421648e+00  4.756048e+00  3.531588e+00  3.409678e+00  2.185025e+00
  3.483729e+00  4.808940e+00  3.540610e+00  3.451070e+00  2.180807e+00
  3.547759e+00  4.862801e+00  3.549547e+00  3.492960e+00  2.176658e+00
  3.614149e+00  4.917654e+00  3.558476e+00  3.535609e+00  2.172553e+00
  3.682605e+00  4.973522e+00  3.567337e+00  3.579158e+00  2.168513e+00
  3.752704e+00  5.030427e+00  3.576040e+00  3.623671e+00  2.164568e+00
  3.824751e+00  5.088394e+00  3.584612e+00  3.668964e+00  2.160705e+00
  3.899271e+00  5.147447e+00  3.593117e+00  3.714800e+00  2.156896e+00
  3.976276e+00  5.207611e+00  3.601548e+00  3.761320e+00  2.153146e+00
  4.055568e+00  5.268913e+00  3.609870e+00  3.808817e+00  2.149468e+00
  4.137257e+00  5.331379e+00  3.618085e+00  3.857382e+00  2.145861e+00
  4.221615e+00  5.395036e+00  3.626213e+00  3.906989e+00  2.142316e+00
  4.308694e+00  5.459914e+00  3.634255e+00  3.957569e+00  2.138832e+00
  4.398400e+00  5.526039e+00  3.642195e+00  4.009027e+00  2.135417e+00
  4.490790e+00  5.593443e+00  3.650026e+00  4.061345e+00  2.132072e+00
  4.586074e+00  5.662157e+00  3.657742e+00  4.114578e+00  2.128792e+00
  4.684483e+00  5.732210e+00  3.665345e+00  4.168767e+00  2.125572e+00
  4.786263e+00  5.803637e+00  3.672840e+00  4.223927e+00  2.122408e+00
  4.891578e+00  5.876469e+00  3.680235e+00  4.280081e+00  2.119298e+00
  5.000428e+00  5.950742e+00  3.687544e+00  4.337267e+00  2.116246e+00
  5.112819e+00  6.026491e+00  3.694770e+00  4.395545e+00  2.113254e+00
  5.228813e+00  6.103751e+00  3.701887e+00  4.455037e+00  2.110324e+00
  5.348502e+00  6.182560e+00  3.708873e+00  4.515815e+00  2.107456e+00
  5.472062e+00  6.262956e+00  3.715753e+00  4.577692e+00  2.104648e+00
  5.599723e+00  6.344980e+00  3.722559e+00  4.640469e+00  2.101897e+00
  5.731926e+00  6.428670e+00  3.729286e+00  4.704439e+00  2.099197e+00
  5.869168e+00  6.514070e+00  3.735907e+00  4.770092e+00  2.096542e+00
  6.011287e+00  6.601223e+00  3.742400e+00  4.837361e+00  2.093938e+00
  6.157616e+00  6.690172e+00  3.748748e+00  4.905746e+00  2.091399e+00
  6.308277e+00  6.780963e+00  3.754969e+00  4.975138e+00  2.088926e+00
  6.464480e+00  6.873643e+00  3.761129e+00  5.045975e+00  2.086501e+00
  6.627007e+00  6.968261e+00  3.767256e+00  5.118530e+00  2.084114e+00
  6.795305e+00  7.064866e+00  3.773268e+00  5.192547e+00  2.081775e+00
  6.968846e+00  7.163510e+00  3.779093e+00  5.267779e+00  2.079496e+00
  7.148364e+00  7.264246e+00  3.784780e+00  5.344490e+00  2.077270e+00
  7.334942e+00  7.367127e+00  3.790416e+00  5.423087e+00  2.075086e+00
  7.528711e+00  7.472212e+00  3.796005e+00  5.503599e+00  2.072944e+00
  7.729148e+00  7.579556e+00  3.801498e+00  5.585801e+00  2.070852e+00
  7.936250e+00  7.689220e+00  3.806870e+00  5.669593e+00  2.068814e+00
  8.150764e+00  7.801266e+00  3.812126e+00  5.755064e+00  2.066824e+00
  8.373387e+00  7.915756e+00  3.817276e+00  5.842322e+00  2.064877e+00
  8.604414e+00  8.032757e+00  3.822316e+00  5.931475e+00  2.062972e+00
  8.844092e+00  8.152335e+00  3.827243e+00  6.022618e+00  2.061111e+00
  9.092901e+00  8.274561e+00  3.832068e+00  6.115700e+00  2.059292e+00
  9.351446e+00  8.399505e+00  3.836808e+00  6.210599e+00  2.057513e+00
  9.620063e+00  8.527242e+00  3.841469e+00  6.307404e+00  2.055775e+00
  9.898748e+00  8.657849e+00  3.846038e+00  6.406482e+00  2.054079e+00
  1.018759e+01  8.791404e+00  3.850507e+00  6.508092e+00  2.052427e+00
  1.048711e+01  8.927988e+00  3.854887e+00  6.612060e+00  2.050818e+00
  1.079793e+01  9.067686e+00  3.859192e+00  6.718148e+00  2.049249e+00
  1.112098e+01  9.210583e+00  3.863406e+00  6.826427e+00  2.047717e+00
  1.145737e+01  9.356770e+00  3.867503e+00  6.937165e+00  2.046221e+00
  1.180784e+01  9.506339e+00  3.871475e+00  7.050553e+00  2.044759e+00
  1.217239e+01  9.659385e+00  3.875362e+00  7.166638e+00  2.043333e+00
  1.255106e+01  9.816007e+00  3.879197e+00  7.285448e+00  2.041944e+00
  1.294442e+01  9.976306e+00  3.882967e+00  7.407013e+00  2.040594e+00
  1.335321e+01  1.014039e+01  3.886642e+00  7.531362e+00  2.039279e+00
  1.377844e+01  1.030836e+01  3.890207e+00  7.658566e+00  2.037999e+00
  1.422138e+01  1.048034e+01  3.893667e+00  7.788742e+00  2.036752e+00
  1.468318e+01  1.065643e+01  3.897032e+00  7.922010e+00  2.035536e+00
  1.516429e+01  1.083677e+01  3.900321e+00  8.058476e+00  2.034352e+00
  1.566497e+01  1.102147e+01  3.903557e+00  8.198245e+00  2.033200e+00
  1.618613e+01  1.121066e+01  3.906739e+00  8.341374e+00  2.032080e+00
  1.672930e+01  1.140447e+01  3.909838e+00  8.487869e+00  2.030991e+00
  1.729590e+01  1.160305e+01  3.912837e+00  8.637782e+00  2.029932e+00
  1.788669e+01  1.180653e+01  3.915747e+00  8.791354e+00  2.028902e+00
  1.850231e+01  1.201506e+01  3.918588e+00  8.948873e+00  2.027901e+00
  1.914409e+01  1.222879e+01  3.921363e+00  9.110421e+00  2.026928e+00
  1.981414e+01  1.244788e+01  3.924056e+00  9.275855e+00  2.025983e+00
  2.051442e+01  1.267248e+01  3.926654e+00  9.445107e+00  2.025064e+00
  2.124581e+01  1.290278e+01  3.929172e+00  9.618536e+00  2.024171e+00
  2.200886e+01  1.313894e+01  3.931637e+00  9.796636e+00  2.023304e+00
  2.280492e+01  1.338115e+01  3.934056e+00  9.979643e+00  2.022464e+00
  2.363645e+01  1.362959e+01  3.936418e+00  1.016741e+01  2.021648e+00
  2.450597e+01  1.388445e+01  3.938710e+00  1.035979e+01  2.020857e+00
  2.541526e+01  1.414593e+01  3.940932e+00  1.055693e+01  2.020089e+00
  2.636574e+01  1.441425e+01  3.943087e+00  1.075910e+01  2.019344e+00
  2.735920e+01  1.468961e+01  3.945178e+00  1.096656e+01  2.018623e+00
  2.839814e+01  1.497224e+01  3.947203e+00  1.117949e+01  2.017923e+00
  2.948526e+01  1.526237e+01  3.949160e+00  1.139806e+01  2.017246e+00
  3.062323e+01  1.556024e+01  3.951054e+00  1.162244e+01  2.016590e+00
  3.181478e+01  1.586611e+01  3.952896e+00  1.185273e+01  2.015954e+00
  3.306270e+01  1.618021e+01  3.954695e+00  1.208911e+01  2.015339e+00
  3.437007e+01  1.650283e+01  3.956449e+00  1.233180e+01  2.014742e+00
  3.574010e+01  1.683424e+01  3.958146e+00  1.258109e+01  2.014165e+00
  3.717616e+01  1.717473e+01  3.959779e+00  1.283724e+01  2.013607e+00
  3.868185e+01  1.752459e+01  3.961346e+00  1.310049e+01  2.013067e+00
  4.026090e+01  1.788413e+01  3.962847e+00  1.337107e+01  2.012546e+00
  4.191741e+01  1.825368e+01  3.964289e+00  1.364918e+01  2.012041e+00
  4.365579e+01  1.863358e+01  3.965690e+00  1.393500e+01  2.011554e+00
  4.548060e+01  1.902415e+01  3.967067e+00  1.422871e+01  2.011083e+00
  4.739642e+01  1.942577e+01  3.968418e+00  1.453063e+01  2.010628e+00
  4.940786e+01  1.983881e+01  3.969733e+00  1.484113e+01  2.010189e+00
  5.152000e+01  2.026365e+01  3.971005e+00  1.516055e+01  2.009765e+00
  5.373912e+01  2.070070e+01  3.972224e+00  1.548917e+01  2.009356e+00
  5.607198e+01  2.115038e+01  3.973383e+00  1.582723e+01  2.008962e+00
  5.852553e+01  2.161312e+01  3.974482e+00  1.617502e+01  2.008582e+00
  6.110689e+01  2.208938e+01  3.975535e+00  1.653290e+01  2.008215e+00
  6.382343e+01  2.257962e+01  3.976559e+00  1.690128e+01  2.007861e+00
  6.668277e+01  2.308433e+01  3.977562e+00  1.728052e+01  2.007520e+00
  6.969283e+01  2.360403e+01  3.978542e+00  1.767101e+01  2.007192e+00
  7.286187e+01  2.413923e+01  3.979496e+00  1.807312e+01  2.006876e+00
  7.619947e+01  2.469050e+01  3.980421e+00  1.848727e+01  2.006572e+00
  7.971633e+01  2.525840e+01  3.981310e+00  1.891390e+01  2.006280e+00
  8.342355e+01  2.584353e+01  3.982161e+00  1.935346e+01  2.005998e+00
  8.733296e+01  2.644652e+01  3.982970e+00  1.980641e+01  2.005727e+00
  9.145693e+01  2.706800e+01  3.983733e+00  2.027319e+01  2.005467e+00
  9.580843e+01  2.770864e+01  3.984451e+00  2.075428e+01  2.005217e+00
  1.004016e+02  2.836916e+01  3.985137e+00  2.125026e+01  2.004976e+00
  1.052515e+02  2.905027e+01  3.985810e+00  2.176171e+01  2.004746e+00
  1.103738e+02  2.975274e+01  3.986482e+00  2.228925e+01  2.004524e+00
  1.157862e+02  3.047736e+01  3.987138e+00  2.283343e+01  2.004311e+00
  1.215074e+02  3.122497e+01  3.987757e+00  2.339478e+01  2.004107e+00
  1.275569e+02  3.199640e+01  3.988327e+00  2.397391e+01  2.003911e+00
  1.339553e+02  3.279257e+01  3.988860e+00  2.457153e+01  2.003723e+00
  1.407241e+02  3.361441e+01  3.989380e+00  2.518839e+01  2.003543e+00
  1.478865e+02  3.446290e+01  3.989898e+00  2.582524e+01  2.003371e+00
  1.554699e+02  3.533905e+01  3.990405e+00  2.648287e+01  2.003206e+00
  1.635027e+02  3.624393e+01  3.990888e+00  2.716205e+01  2.003048e+00
  1.720149e+02  3.717865e+01  3.991339e+00  2.786359e+01  2.002896e+00
  1.810380e+02  3.814436e+01  3.991766e+00  2.858837e+01  2.002751e+00
  1.906050e+02  3.914227e+01  3.992182e+00  2.933730e+01  2.002612e+00
  2.007510e+02  4.017364e+01  3.992592e+00  3.011131e+01  2.002479e+00
  2.115158e+02  4.123980e+01  3.992990e+00  3.091142e+01  2.002353e+00
  2.229405e+02  4.234212e+01  3.993368e+00  3.173869e+01  2.002232e+00
  2.350700e+02  4.348203e+01  3.993720e+00  3.259419e+01  2.002117e+00
  2.479554e+02  4.466104e+01  3.994045e+00  3.347904e+01  2.002006e+00
  2.616503e+02  4.588074e+01  3.994342e+00  3.439439e+01  2.001901e+00
  2.762111e+02  4.714274e+01  3.994613e+00  3.534143e+01  2.001800e+00
  2.916980e+02  4.844878e+01  3.994869e+00  3.632146e+01  2.001704e+00
  3.081740e+02  4.980066e+01  3.995122e+00  3.733578e+01  2.001613e+00
  3.257062e+02  5.120025e+01  3.995382e+00  3.838580e+01  2.001526e+00
  3.443714e+02  5.264952e+01  3.995644e+00  3.947306e+01  2.001444e+00
  3.642504e+02  5.415054e+01  3.995901e+00  4.059916e+01  2.001365e+00
  3.854292e+02  5.570545e+01  3.996147e+00  4.176574e+01  2.001290e+00
  4.080058e+02  5.731651e+01  3.996375e+00  4.297446e+01  2.001218e+00
  4.320840e+02  5.898611e+01  3.996580e+00  4.422705e+01  2.001150e+00
  4.577728e+02  6.071668e+01  3.996758e+00  4.552527e+01  2.001085e+00
  4.851931e+02  6.251086e+01  3.996916e+00  4.687112e+01  2.001024e+00
  5.144727e+02  6.437135e+01  3.997065e+00  4.826671e+01  2.000965e+00
  5.457457e+02  6.630100e+01  3.997216e+00  4.971420e+01  2.000910e+00
  5.791637e+02  6.830279e+01  3.997373e+00  5.121585e+01  2.000857e+00
  6.148899e+02  7.037989e+01  3.997536e+00  5.277402e+01  2.000807e+00
  6.530946e+02  7.253554e+01  3.997705e+00  5.439114e+01  2.000760e+00
  6.939701e+02  7.477321e+01  3.997872e+00  5.606978e+01  2.000715e+00
  7.377273e+02  7.709655e+01  3.998026e+00  5.781268e+01  2.000673e+00
  7.845854e+02  7.950931e+01  3.998152e+00  5.962267e+01  2.000633e+00
  8.347865e+02  8.201549e+01  3.998250e+00  6.150272e+01  2.000595e+00
  8.885988e+02  8.461932e+01  3.998335e+00  6.345598e+01  2.000559e+00
  9.463011e+02  8.732516e+01  3.998423e+00  6.548570e+01  2.000525e+00
  1.008198e+03  9.013762e+01  3.998520e+00  6.759532e+01  2.000493e+00
  1.074634e+03  9.306160e+01  3.998618e+00  6.978853e+01  2.000462e+00
  1.145969e+03  9.610221e+01  3.998702e+00  7.206916e+01  2.000433e+00
  1.222591e+03  9.926474e+01  3.998766e+00  7.444121e+01  2.000406e+00
  1.304941e+03  1.025549e+02  3.998820e+00  7.690898e+01  2.000380e+00
  1.393488e+03  1.059787e+02  3.998884e+00  7.947698e+01  2.000356e+00
  1.488725e+03  1.095422e+02  3.998972e+00  8.214985e+01  2.000333e+00
  1.591221e+03  1.132521e+02  3.999073e+00  8.493254e+01  2.000312e+00
  1.701593e+03  1.171154e+02  3.999166e+00  8.783023e+01  2.000292e+00
  1.820482e+03  1.211393e+02  3.999228e+00  9.084828e+01  2.000273e+00
  1.948611e+03  1.253313e+02  3.999258e+00  9.399246e+01  2.000255e+00
  2.086786e+03  1.296999e+02  3.999278e+00  9.726898e+01  2.000238e+00
  2.235841e+03  1.342532e+02  3.999311e+00  1.006842e+02  2.000222e+00
  2.396698e+03  1.390004e+02  3.999368e+00  1.042450e+02  2.000207e+00
  2.570416e+03  1.439510e+02  3.999436e+00  1.079583e+02  2.000193e+00
  2.758106e+03  1.491149e+02  3.999497e+00  1.118317e+02  2.000180e+00
  2.960953e+03  1.545026e+02  3.999539e+00  1.158727e+02  2.000167e+00
  3.180339e+03  1.601253e+02  3.999567e+00  1.200900e+02  2.000156e+00
  3.417743e+03  1.659948e+02  3.999590e+00  1.244923e+02  2.000145e+00
  3.674709e+03  1.721232e+02  3.999620e+00  1.290888e+02  2.000135e+00
  3.953025e+03  1.785238e+02  3.999655e+00  1.338893e+02  2.000126e+00
  4.254674e+03  1.852105e+02  3.999686e+00  1.389044e+02  2.000117e+00
  4.581717e+03  1.921977e+02  3.999703e+00  1.441448e+02  2.000109e+00
  4.936447e+03  1.995008e+02  3.999702e+00  1.496219e+02  2.000101e+00
  5.321518e+03  2.071362e+02  3.999696e+00  1.553484e+02  2.000093e+00
  5.739710e+03  2.151213e+02  3.999699e+00  1.613372e+02  2.000087e+00
  6.193992e+03  2.234740e+02  3.999722e+00  1.676020e+02  2.000080e+00
  6.687881e+03  2.322137e+02  3.999758e+00  1.741572e+02  2.000074e+00
  7.225164e+03  2.413611e+02  3.999790e+00  1.810180e+02  2.000068e+00
  7.809793e+03  2.509373e+02  3.999805e+00  1.882002e+02  2.000063e+00
  8.446348e+03  2.609655e+02  3.999803e+00  1.957211e+02  2.000059e+00
  9.140010e+03  2.714700e+02  3.999797e+00  2.035992e+02  2.000055e+00
  9.896169e+03  2.824765e+02  3.999802e+00  2.118539e+02  2.000050e+00
  1.072075e+04  2.940117e+02  3.999826e+00  2.205054e+02  2.000046e+00
  1.162080e+04  3.061051e+02  3.999861e+00  2.295758e+02  2.000042e+00
  1.260374e+04  3.187873e+02  3.999893e+00  2.390878e+02  2.000039e+00
  1.367744e+04  3.320901e+02  3.999911e+00  2.490653e+02  2.000036e+00
  1.485123e+04  3.460483e+02  3.999914e+00  2.595342e+02  2.000033e+00
  1.613547e+04  3.606989e+02  3.999907e+00  2.705222e+02  2.000031e+00
  1.754092e+04  3.760802e+02  3.999897e+00  2.820581e+02  2.000028e+00
  1.907976e+04  3.922331e+02  3.999889e+00  2.941726e+02  2.000026e+00
  2.076638e+04  4.092023e+02  3.999888e+00  3.068992e+02  2.000024e+00
  2.261587e+04  4.270342e+02  3.999897e+00  3.202731e+02  2.000022e+00
  2.464434e+04  4.457772e+02  3.999921e+00  3.343307e+02  2.000020e+00
  2.687131e+04  4.654847e+02  3.999954e+00  3.491120e+02  2.000019e+00
  2.931815e+04  4.862134e+02  3.999985e+00  3.646592e+02  2.000017e+00
  3.200714e+04  5.080217e+02  4.000006e+00  3.810160e+02  2.000015e+00
  3.496390e+04  5.309727e+02  4.000011e+00  3.982295e+02  2.000014e+00
  3.821869e+04  5.551354e+02  4.000007e+00  4.163517e+02  2.000013e+00
  4.180320e+04  5.805812e+02  4.000001e+00  4.354361e+02  2.000012e+00
  4.575142e+04  6.073851e+02  3.999997e+00  4.555391e+02  2.000011e+00
  5.010509e+04  6.356302e+02  3.999997e+00  4.767231e+02  2.000010e+00
  5.490989e+04  6.654044e+02  3.999999e+00  4.990538e+02  2.000010e+00
  6.021335e+04  6.967988e+02  4.000000e+00  5.225996e+02  2.000009e+00
  6.607082e+04  7.299118e+02  4.000001e+00  5.474344e+02  2.000008e+00
  7.254817e+04  7.648516e+02  4.000001e+00  5.736393e+02  2.000007e+00
  7.971447e+04  8.017306e+02  4.000000e+00  6.012985e+02  2.000006e+00
  8.764370e+04  8.406664e+02  4.000000e+00  6.305003e+02  2.000005e+00
  9.642738e+04  8.817900e+02  4.000000e+00  6.613429e+02  2.000005e+00
  1.061664e+05  9.252404e+02  4.000000e+00  6.939307e+02  2.000004e+00
  1.169656e+05  9.711619e+02  4.000000e+00  7.283716e+02  2.000004e+00
  1.289474e+05  1.019710e+03  4.000000e+00  7.647828e+02  2.000003e+00
  1.422615e+05  1.071059e+03  4.000000e+00  8.032940e+02  2.000003e+00
  1.570652e+05  1.125388e+03  4.000000e+00  8.440404e+02  2.000003e+00
  1.735257e+05  1.182885e+03  4.000000e+00  8.871629e+02  2.000003e+00
  1.918467e+05  1.243759e+03  4.000000e+00  9.328182e+02  2.000004e+00
  2.122554e+05  1.308232e+03  4.000000e+00  9.811736e+02  2.000003e+00
  2.349880e+05  1.376537e+03  4.000000e+00  1.032402e+03  2.000002e+00
  2.603225e+05  1.448923e+03  3.999999e+00  1.086692e+03  1.999999e+00
  2.886243e+05  1.525677e+03  3.999999e+00  1.144258e+03  1.999997e+00
  3.202843e+05  1.607100e+03  3.999999e+00  1.205325e+03  1.999999e+00
  3.557095e+05  1.693503e+03  4.000002e+00  1.270128e+03  2.000006e+00
  3.953400e+05  1.785215e+03  4.000004e+00  1.338911e+03  2.000016e+00
  4.396462e+05  1.882577e+03  4.000005e+00  1.411933e+03  2.000017e+00
